   1      "ao-r+ah"    1    6.757053   1.001019   7.256428
   2      "ao-r+iy"    1    8.341469   4.673454   1.000124
   3      "ao-r+jh"    1    6.580772   6.393195   0.999987
   4         "t+uw"    6   31.447155  26.164951  16.681866
   5      "ah-w+ah"    1    2.045080   0.999985   1.012504
   6      "ah-w+eh"    1    5.946256   2.039675   1.001039
   7      "ey-w+eh"    1    8.365907   3.000116   1.000050
   8         "t-er"    5   64.347275  52.982967 115.335060
   9       "d-eh+p"    1    1.047204   7.703725   8.788287
  10         "t-uw"    6   77.665581  68.435577  61.417831
  11      "iy-d+ah"    1    1.000296   1.031426   1.064048
  12           "ow"    5  105.589294  73.580566  59.605167
  13           "sp"  245  4456.243164
  14         "aw-n"    2   12.519552  18.493425  38.773998
  15         "aw-t"    3   18.888271  19.855909  34.741123
  16      "m-ey+sh"    2    4.240462  14.098682   9.109116
  17       "g-ih+f"    1    1.126378   3.266662   1.035037
  18         "ay-n"    5   39.527603  36.081970 134.380295
  19         "ay-t"    4   40.680882  19.807589  21.668280
  20         "ay-v"    5   43.054768  39.367558  34.136650
  21         "ay-z"    1    6.402997  14.905476  37.656700
  22      "ae-k+ch"    1    1.000441   1.000002   1.000020
  23       "n-f+ao"    1   28.817780   1.006061   0.999903
  24       "n-f+er"    1    0.999944   3.009751   8.282524
  25      "er-iy+m"    1    0.999896   0.999896   1.003716
  26      "y-ah+ng"    6   20.391930   9.940953  22.195736
  27       "m-b+aa"    1    0.999999   1.001517   2.018927
  28       "m-b+ah"    2    1.999872   2.799811   3.078808
  29       "f-g+ae"    1    3.987461   1.898704   4.111346
  30         "l+ae"    1    1.002851   1.674404   5.695051
  31         "l+ah"    1    5.702494  13.110868   1.067398
  32         "l+aw"    2    2.098655  13.084133   2.004968
  33         "l+eh"    2    6.149755   5.206262   2.000141
  34         "l+ih"    2    2.093413  19.272890   2.698682
  35       "b-ey+s"    1    2.008574  10.913757   3.074231
  36         "l+ow"    1    1.004861   6.586607  16.042458
  37      "ch-ah+w"    1    1.042108   1.000062   1.000091
  38         "l-ey"    1    2.023032  19.029640  22.190613
  39         "l-ow"    2   37.207336  15.165991   2.014570
  40       "g-ae+n"    1    1.040104  20.891243   3.027076
  41       "g-ae+t"    1    1.021767   0.999964   3.092746
  42     "ah-dh+er"    1    5.006112   1.008370   4.499595
  43        "k-s+f"    1    3.210940   2.708750   3.283265
  44        "k-s+p"    1    3.002805   2.998218  10.384464
  45        "k-s+t"    1    8.547494   6.019899   5.544215
  46      "ch-iy+v"    1   25.036379   4.525227   3.441519
  47      "jh-ah+n"    1    2.745216   1.677107   1.587186
  48      "jh-ah+t"    1    1.006379   0.999991   1.002245
  49       "g-ah+z"    1    0.999955   0.999974   0.999953
  50      "ih-s+ah"    1    5.470259   9.539840   4.351939
  51       "d-ey+l"    1    1.255692  10.150395   7.673751
  52       "d-ey+r"    1    0.999783   0.999782   2.385063
  53       "d-ey+t"    1    3.834839   4.348079   3.308434
  54      "r-uw+hh"    1    1.004162   5.310182   0.999911
  55        "th-ah"    1    3.509176  11.352978   1.171903
  56       "k-ih+p"    1    6.763722   1.737784   8.498130
  57      "er-ay+z"    1    1.000526   1.014477  19.900187
  58      "l-eh+zh"    2    4.649033   2.000459   4.012607
  59      "g-er+ih"    1    7.176986   5.719106   0.999987
  60      "iy-m+ae"    1    1.965872   3.021479   1.962057
  61      "iy-m+ey"    4    8.979741  13.779206  32.695763
  62        "n-d+z"    1    1.000094   1.000008   1.000069
  63         "d+ae"    2   15.383519   8.833953   5.100450
  64         "d+aw"    1   14.531202   3.562249   5.965950
  65         "d+ay"    6   32.696556  15.119209   8.719232
  66         "d+eh"    1    8.843809   3.154648   1.001137
  67         "d+ey"    2    7.896507   7.114109   2.000588
  68         "d+ih"    3    8.327919   6.500106   5.477294
  69      "ah-g+eh"    2    5.922370   2.945899   6.586939
  70      "aa-l+ah"    2   10.087388   5.799191   2.009667
  71       "k-aa+l"    1   13.633392   2.776190   1.062252
  72       "k-aa+m"    1    1.998137   4.996153   1.763275
  73       "k-aa+p"    1    2.892017   0.999936   4.066317
  74      "aa-l+ih"    1   13.521193   5.985907   1.129853
  75      "aa-l+iy"    1    2.934339   5.612551   1.001167
  76      "er-l+ih"    1    8.055305   5.789140   1.003486
  77      "uw-t+ao"    1    2.995841   3.323914   3.686544
  78      "uw-t+er"    6   27.893141  13.487876  19.565184
  79         "d-er"    2   30.488976  12.871628  53.422764
  80         "d-iy"    1   12.452282   3.427408   4.143569
  81       "r-uh+k"    1    1.594367   2.410685   1.999598
  82      "ae-t+ah"    1    0.999987   0.999987   0.999988
  83      "ae-t+er"    1    1.000007   0.999994   1.006362
  84       "m-ih+d"    1    6.717219   1.003355   1.004901
  85       "m-ih+n"    1    1.165853   0.999909   0.999910
  86      "l-ey+er"    1    3.682664   1.980928   7.055889
  87       "r-w+er"    1    4.775795   0.999783   0.999784
  88       "l-eh+k"    1    1.056736   1.092491   3.902901
  89      "g-ah+th"    1    1.426572   2.490509   1.041914
  90       "k-ah+l"    3    4.016333   2.999788   2.999788
  91       "k-ah+m"    5    5.000649   4.999737   4.999737
  92       "k-ah+n"    1    0.999930   0.999930   0.999930
  93       "k-ah+p"    1    4.202676   4.716742   1.002604
  94       "s-b+oy"    1    1.568836   2.374176  10.836829
  95       "l-g+er"    1    1.000766   1.384149   2.404677
  96     "eh-zh+er"    4   64.749748  31.128698   7.108427
  97       "p-uw+d"    1    0.999964  13.103633   0.999962
  98     "ey-zh+ah"    1    7.195785   6.863015   1.235215
  99      "n-ch+er"    1    0.999944   2.960518  10.039948
 100     "ey-zh+ih"    1    7.323568   7.692225   1.064697
 101       "b-y+uw"    1    1.243749   1.205448   0.999906
 102       "t-w+eh"    1    7.412351  25.458046   1.000018
 103       "t-w+ey"    1    7.670561   3.003935   1.041324
 104       "m-ae+n"    1    1.094507   8.896108   2.071031
 105       "n-eh+k"    1   15.164025   6.091391   6.003348
 106      "aa-d+iy"    1    1.909789   1.161790   1.940194
 107        "n-s+d"    1    4.269162   7.102399   5.623277
 108        "n-s+t"    1    4.011049   7.155023  12.834245
 109        "n-t+r"    1    5.488533   6.511101   0.999980
 110      "ae-l+ah"    1    7.573944   3.772192   1.014172
 111       "m-ah+n"    1    1.478146   1.393070   1.037470
 112       "m-ah+t"    1    1.358945   6.398656   1.980393
 113       "m-ah+z"    1    0.999854   1.000076   1.000339
 114       "k-ao+l"    5   19.374165 101.609978  32.136948
 115      "ah-ng+k"    1    6.101736   3.999786   0.999956
 116       "g-l+ae"    1    1.035874   1.008976   5.805602
 117      "eh-v+ah"    5    6.881977   5.362964   5.348098
 118      "iy-v+iy"    1    1.027281   1.265543   0.999782
 119      "uh-r+ih"    1    0.999974   0.999949   0.999951
 120      "l-hh+eh"    1    1.000042   0.999925   0.999908
 121         "m+eh"    3   11.540236  35.929726   7.991374
 122         "m+ey"    1    2.916151   5.028940   3.240438
 123         "m+ih"    2    9.302457  17.148840   6.145184
 124     "ah-th+ah"    1    3.996043   0.999943   3.965996
 125     "uw-ey+sh"    1    5.935473   1.077946   2.290334
 126      "ah-p+ah"    1    2.596759   1.000306   2.825552
 127      "ah-p+er"    1    5.230623   3.125154   0.999851
 128      "f-er+th"    1    8.206226   8.508059   1.000123
 129       "aw-n+d"    1    6.013421   0.999999   0.999999
 130       "aw-n+t"    1    1.000023   3.886099   1.106021
 131       "l-ey+n"    5   19.143269  88.796852  20.975250
 132       "l-ey+t"    1    4.932577   0.999986   3.053283
 133       "k-aw+n"    1    9.471766   5.275019   2.840609
 134       "s-ih+k"    5   22.006674  15.014233  10.512589
 135       "s-ih+n"    1   35.987000   1.001976   9.010758
 136       "t-uw+t"    1    0.999804   0.999804   0.999804
 137      "m-er+sh"    1   13.955922   7.036118   0.999889
 138      "ih-t+ah"    3   11.769538   6.186898   3.563931
 139      "uw-d+ah"    1    0.999962   0.999962   0.999962
 140       "r-eh+d"    1    1.591230   0.999980   7.278317
 141       "s-k+aa"    1    1.005976   1.062690   2.921863
 142       "s-k+ih"    1    1.014246   1.024010   2.004443
 143      "ae-d+ah"    1    0.999961   0.999961   0.999961
 144      "eh-n+ah"    1    3.711319   2.013143   0.999990
 145      "eh-n+ch"    1    5.948692   2.071228   0.999944
 146      "eh-n+ih"    1    0.999996   4.004099   9.030807
 147       "s-aa+f"    2    7.318555  12.368465  13.606050
 148       "s-aa+l"    1    2.936755   2.999611   1.110605
 149        "d-s+t"    1    4.072670   3.581251   9.208098
 150       "p-er+v"    1    1.000061   2.414649   0.999882
 151     "aa-hh+aa"    1    2.309436   1.351578   0.999916
 152      "ae-sh+b"    1    8.013141   1.980821   8.022912
 153      "aa-m+ah"    1    2.683977   2.645591   1.690818
 154       "s-ae+d"    1    3.708727  14.919196   3.078853
 155     "uw-hh+aa"    1    1.007672   1.000032   0.999910
 156         "th+r"    5   17.458473  76.615379  71.315887
 157       "s-ah+n"    1    1.927554   1.164354   5.651022
 158         "v+aa"    3    6.029713   5.473172 102.986885
 159         "v+ae"    1    3.933296   1.084733   0.999804
 160      "ih-l+er"    1    1.142623   2.521111   6.451143
 161      "ih-l+ey"    1    0.999886   5.928450   1.000119
 162       "b-oy+z"    1   19.008345   5.021153   0.999980
 163      "ih-l+ih"    1    3.173990   1.710438   1.001467
 164      "hh-ah+l"    1   12.924523   2.416819   5.814939
 165      "ih-l+ow"    1    1.013624   1.000131   0.999958
 166        "zh-ah"    2   18.367912  20.991592   2.423825
 167        "zh-er"    4   38.894535  30.068546  15.094375
 168      "th-r+ay"    1    6.939004   3.530054   1.034645
 169      "th-r+iy"    5   35.499458  25.031765  11.976164
 170      "k-hh+ey"    1    1.000770   1.000145   0.999998
 171       "v-eh+l"    1    3.917449   1.102691   1.190658
 172       "v-eh+n"    1    1.000013   2.705688   2.275392
 173      "v-iy+ah"    1    0.999782   7.996583   1.001795
 174       "t-er+z"    2   36.205769   8.740428   1.999851
 175       "r-ey+d"    1    4.275925   3.395468   3.761917
 176      "uw-m+ah"    1    0.999863   0.999858   0.999857
 177     "ih-dh+ah"    2    5.972720   2.000129   2.000246
 178       "s-t+aa"    2    3.097960   3.555705   2.226946
 179       "s-t+iy"    6   20.043936  15.977207   9.332127
 180       "l-y+ah"    1    6.058773   1.374755   0.999902
 181      "l-er+ey"    1    6.915240   6.169393   0.999935
 182      "l-er+iy"    1    0.999900   1.987503   0.999896
 183       "l-y+uw"    3   27.797379  10.068748  22.988926
 184        "ch+oy"    1   34.846809   3.392373   8.615821
 185     "ey-sh+ah"    6   73.132919  16.684931   9.869283
 186        "ch-er"    2   21.929649  18.984852   3.633749
 187         "n+ay"    5    6.095983  10.074252  86.942657
 188       "f-ow+n"    5   35.764481  91.709846  13.817734
 189         "n+eh"    1    0.999857   1.099789  27.407055
 190      "ih-d+ah"    1    0.999964   0.999964   0.999966
 191         "n+iy"    1    0.999963  16.999367   0.999962
 192      "ao-l+dh"    1    1.086516   1.924688   4.683255
 193       "w-ah+l"    1    0.999988   0.999987   0.999989
 194       "w-ah+n"    5    8.063148   6.223179   9.216004
 195       "t-ey+t"    1    1.688895   9.951940   5.523676
 196      "er-v+ae"    1    1.337656   1.247002   0.999881
 197      "hh-aw+t"    1    3.012898   5.954207   3.003904
 198       "n-y+ah"    1    1.025402   1.974941   8.792027
 199       "s-ay+k"    1    2.769690  10.239532   0.999905
 200       "s-ay+l"    1    8.401457   7.453083   1.000868
 201      "ih-sh+m"    1    4.125450   2.123137   2.026614
 202      "ay-k+ah"    1    6.870416   2.822231   1.289641
 203      "n-ih+th"    1    0.999981   0.999983   1.000103
 204       "b-r+ay"    2    6.728731   8.108677   2.183903
 205       "b-r+ih"    1    2.968527   3.028965   1.000031
 206       "w-iy+k"    1    0.999906   3.917900   3.132412
 207       "b-r+uh"    1    1.992545   1.000046   1.000295
 208       "b-r+uw"    1    9.007158   4.509809   2.159717
 209     "hh-aa+hh"    1    4.969022  13.934776   2.062602
 210      "d-ih+jh"    1    1.000002   0.999996   0.999996
 211      "d-ih+ng"    1   10.203512   1.000512   1.000007
 212       "y-ah+b"    1    1.000218   1.002014   1.026263
 213       "y-ah+l"    1    0.999920   1.000057   1.001671
 214       "y-ah+t"    2    2.103367   2.376317   2.837420
 215       "p-y+ah"    2    5.714988   2.294983   2.011122
 216      "uh-k+eh"    1    7.074710   1.707489   2.217709
 217      "n-iy+zh"    1    9.879028   1.170198   0.999984
 218       "p-y+uw"    5   15.003782   9.036963  21.985720
 219      "uh-k+hh"    1    7.780151   1.360481   1.858401
 220         "f+ao"    7   54.199787  86.304245  11.746241
 221         "f+ay"    5   54.114853  68.129646  95.789391
 222         "f+iy"    1   22.304798  21.238684   0.999786
 223         "f+ow"    5   35.375320  58.879379  13.963440
 224      "ay-ah+l"    5    9.930940   7.025541  12.560122
 225      "ay-ah+t"    1    4.104628   1.033592   1.117015
 226         "uh-d"    1    6.404211   2.594653   7.058780
 227      "aw-t+uw"    1    7.026947   7.119026   1.853004
 228         "w+ah"    5   42.585289  25.615410  56.055420
 229         "w+eh"    2   36.036835   5.390508   2.000054
 230         "w+iy"    1   15.997351   1.001047   0.999906
 231         "w+uh"    1    8.964433   1.001646   1.016971
 232      "ah-z+ey"    1    6.508852   7.104233   1.000822
 233       "s-d+ey"    1    0.999982   1.023099   1.956132
 234       "l-ow+n"    1   22.839077   4.097493   0.999998
 235         "w-ey"    1    3.171088  16.998053   8.019696
 236       "z-ey+b"    1    2.391132   3.228582   5.278026
 237     "ah-ch+iy"    1    6.033641   4.762188  11.237792
 238      "w-eh+dh"    3    5.860688   8.824615  10.050282
 239      "ay-t+ah"    2    9.004935   3.647575   2.007304
 240      "ay-t+ih"    1   11.999738   1.000844   0.999874
 241        "sh+ae"    1   16.381380   1.672104   1.045165
 242        "sh+ow"    1   12.443444   5.310664   5.131350
 243          "b+l"    1    7.018270   2.917418   2.140064
 244          "b+r"    5   34.004803  14.848554   9.372697
 245        "sh-ow"    1   22.717585  18.291824  23.035181
 246      "l-dh+ow"    1    7.271632   1.015786   1.012866
 247          "d-z"    2    8.284978  22.015606  14.802877
 248        "ow-er"    1   10.565867  14.183937   7.141553
 249          "g+l"    1    2.070042   1.939484  15.109951
 250      "d-ae+sh"    1    3.789998   9.280887   4.924032
 251         "uw-b"    1    3.368649   1.585697   7.995649
 252         "uw-m"    1    2.990999   0.999956   1.000030
 253         "uw-t"    1    3.893971   4.072732   2.033227
 254      "ey-r+iy"    1    4.461321   6.058917   1.091728
 255          "k+r"    4   36.395508  14.242102  12.839169
 256          "k+w"    1    1.033932   1.140219  21.014851
 257          "k+y"    4   17.930691   7.999660  34.065838
 258          "k-s"    6   15.188552  51.064381  27.382713
 259      "ay-l+ah"    1    1.792329   1.570745   3.300329
 260          "l-p"    2    2.011797   1.999800   2.002541
 261          "l-t"    1    5.288151   5.441282   1.739104
 262          "l-z"    3   16.987249  40.301289  42.735767
 263      "sh-b+ao"    1    1.000049   1.990193   1.001040
 264          "m+y"    1    3.229809   3.639099   2.539391
 265          "m-z"    1    3.168037  12.116364   4.870015
 266          "n-d"    3    7.025149   4.066546  10.999268
 267          "n-s"    1    6.206111   9.237700   9.104588
 268          "n-t"    3   13.150611  15.781289   4.871110
 269      "ih-v+eh"    1    1.021189   2.962652   0.999882
 270     "ih-jh+ah"    2    2.005235   6.392958  17.498287
 271          "p+l"    2    5.425254   6.580575  23.072779
 272          "p+r"    1    1.955704   1.012601   0.999782
 273          "p+y"    2    6.258923   5.771688   2.086696
 274       "l-r+ay"    1    4.873644   1.798497   1.636414
 275       "uw-m+y"    1    0.999881   0.999881   1.994226
 276        "ih+sh"    1    5.809327   2.044055   1.000000
 277         "eh+r"    2    7.685434   1.999830   1.999849
 278         "eh-d"    2   10.674783   3.001314   8.004948
 279         "eh-l"    1   18.611233   1.019167  15.601573
 280         "eh-r"    1    1.019858   0.999823   1.877975
 281         "eh-t"    1    5.070067   4.725725   1.419521
 282      "aw-d+er"    2    2.001103   2.849347   2.005919
 283        "m-p+l"    2    9.488626  19.316551   1.999943
 284        "m-p+y"    5   15.442595  10.153486   7.001761
 285          "r-d"    1    1.583502   2.830096   5.169176
 286          "r-t"    1    4.328745   5.101592   1.301242
 287      "eh-p+th"    1    8.266204   1.014643  20.182152
 288       "r-ow+b"    1    7.084431   4.734100   0.999923
 289        "ih-ng"    5   50.704494  17.030758  86.745239
 290      "uh-l+hh"    1    9.154155   5.835664   1.001732
 291          "s+k"    2   14.111360  23.321196   9.518243
 292          "s+t"    8   31.049788  77.584274  39.655746
 293          "s-t"    3    5.121098  10.999549  15.898375
 294        "ih-sh"    1   22.589775   4.838738   1.067944
 295        "ih-th"    1    5.834424  42.134480   1.000064
 296         "g+ae"    1    2.292534  18.706303  19.989420
 297         "g+ah"    1    7.748660   1.007453   2.994465
 298         "g+ey"    1    3.007015   3.011465   1.166242
 299         "g+ih"    1    1.928403  14.019004   2.619257
 300          "sil"   80  1412.474609 4456.243164 631.003296
 301       "b-ih+k"    1    5.394307   3.961519   1.061839
 302       "b-ih+l"    1    6.135526   1.447845  20.616720
 303       "b-ih+t"    1    4.655156   3.570327   1.026006
 304        "iy-ah"    3   11.988772  12.784330  34.076576
 305       "m-n+iy"    1    9.871129   3.009089   0.999964
 306      "ih-n+iy"    1    0.999910   1.999791   0.999881
 307       "b-aa+d"    1    1.115342  12.708720   7.175102
 308       "b-aa+k"    1    1.003156   9.969226   8.339866
 309       "b-aa+l"    1    1.002301   3.577328   0.999966
 310         "er-d"    1    1.000327   1.003373   1.026609
 311         "er-z"    2   14.457099  21.600214  71.335197
 312      "ih-n+th"    1    0.999961   4.106688   3.070859
 313       "d-ih+l"    1    1.010662   1.009451   2.095974
 314       "d-ih+v"    1    0.999914   1.000038   0.999932
 315       "p-r+iy"    1    0.999783   4.925128   1.072606
 316       "b-ae+k"    1    3.662464   1.001627  16.363373
 317       "b-ae+t"    1    1.935731  16.174269   2.818095
 318      "ah-b+aa"    1    6.935370   1.898352   2.163502
 319      "ah-b+ah"    1    4.337996   1.632266   1.000107
 320      "ah-b+aw"    4   21.006355  17.989130  10.005801
 321      "ah-b+ey"    1    3.928337   1.859142   1.197370
 322      "ey-b+ow"    1    5.491861   1.154310   2.849467
 323     "er-zh+ah"    1    6.970050   1.247658   1.000128
 324       "d-aa+m"    1    5.008405   3.041152   3.069307
 325         "ey+t"    5   31.109627  34.020947  29.598583
 326       "b-ah+l"    3    3.995512   3.005113   4.944854
 327       "b-ah+n"    1    1.116092   2.189229   1.142625
 328       "b-ah+s"    1    2.748918   2.960978   1.000362
 329         "ey-d"    2    2.030210   5.066321   9.174195
 330         "ey-l"    3   42.061611   8.088926  24.769682
 331         "ey-n"    5   38.644485  35.387817 124.027496
 332         "ey-s"    1    2.903047  23.476753   3.621619
 333         "ey-t"    6   55.589466  30.889311  17.520012
 334       "k-w+ay"    1    1.006293   8.578466   1.022393
 335       "d-ae+n"    1    1.060113  11.585697   3.018775
 336      "sh-ae+m"    1    1.906008   7.943481   3.006680
 337       "b-iy+t"    1    4.967072   8.030506   1.003133
 338         "p+uw"    1    3.839817   4.069829   0.999962
 339         "p-er"    1   13.354213   7.434062  20.265041
 340       "d-ah+l"    5    7.947615   6.020038   8.634441
 341       "b-ao+r"    1    3.341602   1.042785   9.806346
 342      "sh-ah+l"    1    1.591733   1.481561   2.625340
 343      "sh-ah+n"    7   10.666286  10.164240  13.813487
 344         "p-th"    1    4.977028  43.013855   5.829812
 345       "t-r+ih"    1    1.001445   0.999906   0.999906
 346       "t-r+iy"    1    1.283502   4.808824   1.024874
 347      "jh-eh+s"    1    3.567621   7.791708   4.734724
 348       "g-eh+n"    1    1.204622   4.979880   3.284949
 349      "n-ey+sh"    1    1.000936   7.987993   2.999781
 350      "zh-ah+n"    1    1.098015   1.084847   2.661877
 351      "ae-g+ah"    1    1.000046   1.000580   3.055608
 352      "er-ey+d"    1    1.820027  16.229387   3.911723
 353       "b-aw+n"    1   11.951673   6.530008   1.504853
 354       "b-aw+t"    3   20.588694  26.400341  19.260544
 355      "ah-k+aw"    1    3.036326   2.645380   8.777090
 356      "aa-p+iy"    1    6.420545   3.512231   0.999936
 357       "f-iy+m"    1    0.999786   1.018301   5.493773
 358      "p-ah+ng"    1    2.904175   3.544859   1.433221
 359       "f-ao+r"    9   26.461414  31.359856 107.625534
 360       "b-l+ey"    1    5.110699   4.798430   1.000010
 361       "d-aw+n"    1   18.333399  12.008715   1.794809
 362       "l-ih+s"    1    1.014169   2.180742   2.178761
 363       "l-ih+t"    1    0.999977   0.999977   0.999977
 364         "y+ah"    6   80.976830  66.248505  93.787857
 365       "f-t+er"    2    7.575660   4.934521   2.029811
 366        "f-t+w"    1    3.350647   2.647435   1.072851
 367       "s-f+ao"    1    0.999992   0.999992   0.999951
 368       "k-eh+n"    5   14.560442  80.211823  20.732815
 369         "y-ah"    1    1.015325   1.018023   4.198770
 370        "s-p+l"    1    1.845386   5.769450   0.999856
 371         "y-uw"    1    6.592158   8.182687  27.206066
 372       "ey-l+z"    1   14.870156   2.108891   1.000814
 373       "ao-l+r"    1    1.889613   3.019099   1.053631
 374       "ao-l+t"    1    1.002671   3.127115   2.783092
 375       "g-ey+t"    1    1.814271   6.971798   6.036451
 376        "s-t+r"    1    3.137426   3.870531   1.002161
 377      "w-ay+ah"    1    1.014416   4.090827   1.007109
 378      "hh-uh+d"    1   12.107453   4.977795   1.000329
 379      "uw-p+ah"    1    1.209879   1.000548   0.999916
 380     "ay-jh+eh"    1    2.845368   4.013175   8.891983
 381      "uw-p+er"    1    2.087047   3.912055   0.999882
 382       "f-ay+v"    5   18.930363  11.505377  39.981255
 383       "l-ae+d"    1    5.383098   9.514439   5.119769
 384       "l-ae+n"    1    5.488682   1.530891  10.098157
 385       "m-eh+t"    1    1.010855   3.970859   2.698613
 386       "b-d+aa"    1    1.004467   1.997377   2.951659
 387       "ae-b+d"    1    8.994974   0.999999   0.999991
 388       "ao-r+d"    1    5.801350   4.411697   1.000234
 389       "ao-r+m"    1    1.000984   0.999916   2.994309
 390       "ao-r+w"    1    8.675116   7.326441   1.227600
 391       "ey-t+w"    1    1.054785   1.007798   5.258765
 392       "l-ah+n"    2    2.015887   4.144914   3.013382
 393       "l-ah+p"    1    1.001739   1.001466   1.032497
 394       "l-ah+s"    1    1.011398   2.972197   1.009892
 395       "l-ah+t"    2    2.009541   3.485955   2.057449
 396       "l-ah+v"    1    1.030824   2.491368   1.091556
 397       "l-ah+w"    1    1.000221   0.999945   1.000612
 398       "k-er+l"    1    6.950209   4.049233   0.999947
 399       "ae-d+v"    1   12.432036   2.351177   1.002090
 400       "ae-d+w"    1    1.067833   1.760181   1.063914
 401      "ah-t+ah"    2    5.038599   6.023450   4.126367
 402      "ah-t+ey"    2    8.123848   7.051544   2.244179
 403      "ey-t+ah"    2    8.298785   2.733583   2.035004
 404     "er-sh+ah"    1    6.989316   2.244487   1.112077
 405      "ah-t+ih"    1    1.003820   0.999946   1.000902
 406       "ae-f+g"    1    1.000009  11.008956   0.999954
 407      "v-er+zh"    1   19.824472   7.105588   0.999946
 408      "t-ey+sh"    1    1.020334   8.805484   2.190582
 409       "n-ah+l"    2    4.118013   2.067447   2.015042
 410       "w-uh+d"    1    5.013820   2.003509   0.999901
 411       "ae-k+y"    1    4.333373   1.966896   3.061835
 412       "r-ih+b"    1    0.999906   0.999906   0.999906
 413       "r-ih+t"    1    1.423185   3.565217   4.012344
 414       "ae-l+g"    1    8.953591   4.555420   3.069394
 415       "ae-l+y"    2    8.426497   5.617669   2.031499
 416       "s-uw+p"    1    1.951403   5.038199   0.999882
 417       "l-t+ah"    1    3.987057   3.221199   1.000017
 418       "ae-m+n"    1    1.001560   3.115365   1.002198
 419       "ae-m+p"    3    4.944843   8.000433   4.927093
 420      "iy-r+ay"    1    9.136088   1.884177   1.007540
 421       "ae-n+f"    1    6.995515  12.990269   0.999944
 422       "ae-n+s"    1    1.000050   1.000216   0.999982
 423      "eh-r+ow"    1    1.190742   1.001673  16.825493
 424      "iy-r+ow"    5    9.160062  11.436203  62.445499
 425       "n-iy+d"    1    9.995774   3.819029   1.091369
 426       "n-iy+k"    1    0.999881   1.000472   2.988269
 427         "ow-m"    1    3.940683   3.181609  40.895145
 428         "ow-n"    6   47.692436  35.324852  10.952211
 429        "ey+zh"    1    8.998510  13.000599   1.923980
 430      "ah-l+ah"    1    1.992316   4.282668   1.650362
 431      "ah-l+eh"    1    1.685532   5.260937   1.000563
 432      "ah-l+er"    1    4.656766   6.342289   0.999935
 433       "p-ah+l"    1    3.765554   0.999984   0.999953
 434      "ah-l+ih"    1    0.999905   3.625128   1.000387
 435      "ah-l+ow"    2    8.466382   8.870254   2.134123
 436       "m-ey+d"    1    1.142528  19.041636   3.825064
 437       "m-ey+l"    3    5.978683  14.463610  27.566319
 438       "m-ey+w"    1    1.826925   5.998986   4.634005
 439        "ey-er"    1   20.813662  11.156915  16.533257
 440       "y-uh+r"    1   13.834165   6.044864  15.007856
 441       "l-aw+d"    2   26.914915  11.072222   4.350480
 442         "oy-n"    1    8.907581  15.091644   1.398453
 443         "oy-s"    1    1.000272  12.601948  12.407133
 444         "oy-z"    1    1.021098   8.925175   2.205703
 445        "ey-zh"    1    5.686203  13.007851   9.571859
 446       "t-ih+l"    1    1.566836   1.106881   1.001153
 447       "t-ih+r"    1    0.999914   0.999914   0.999914
 448       "t-ih+v"    1    1.032466   1.000424  13.162756
 449       "n-t+aw"    1    4.000310   5.483311   1.517056
 450      "y-uw+ey"    1    1.510230   4.430454   0.999793
 451     "er-ih+dh"    1    2.356195   4.384292   1.003822
 452       "s-eh+v"    5   14.884423  22.041893  22.832355
 453       "p-iy+r"    1    0.999936   1.002133   1.001541
 454         "z+iy"    5   71.539764  17.786642  11.403741
 455      "hh-eh+d"    2    7.699039  38.530312   4.898979
 456      "hh-eh+l"    4   37.142933   7.334625  11.215292
 457     "th-iy+ah"    1    0.999959   0.999959   0.999959
 458       "t-aa+p"    1    3.995557   8.000105  11.974931
 459       "t-aa+r"    1    3.740076   0.999917   1.000117
 460       "r-ah+m"    2    2.001333   2.032964   2.133180
 461       "n-ay+n"    5   44.829727  20.215734 147.927994
 462      "b-ey+zh"    2   10.358205  37.598930   2.314615
 463      "sh-m+ey"    1    2.933230   1.000000  10.998096
 464       "r-iy+m"    3   16.006271   4.297929   3.700812
 465       "r-iy+v"    1    2.992152   4.003643   1.709705
 466      "ey-d+ah"    1    1.025323   1.213300   1.000663
 467       "oy-l+z"    1   10.923127   1.000945   0.999963
 468        "hh+ah"    1    2.014632   2.973440  21.798422
 469        "hh+aw"    1   12.021250   1.001315   0.999848
 470        "hh+eh"    4   14.143589   8.380835 103.479500
 471        "hh+ow"    1    1.021611   0.999981   0.999981
 472        "hh+uh"    1    3.382252   4.116240   0.999995
 473        "hh+uw"    1    2.198859  21.772955   0.999912
 474       "v-aa+k"    1    4.042936   6.508039   5.588430
 475       "v-aa+l"    3   40.006763  44.195854   9.810313
 476       "t-ah+b"    1    1.006220   1.611797   1.005638
 477       "t-ah+g"    1    0.999988   0.999973   1.000578
 478       "t-ah+l"    6   14.107987   9.842772  29.816006
 479       "t-ah+n"    4    6.826095   6.773492   7.823290
 480       "t-ah+s"    1    0.999963   1.000406   0.999970
 481      "n-ah+dh"    1    1.164588   5.566859   1.145827
 482        "l-p+l"    1   13.974166   3.022897   0.999879
 483        "hh-aa"    1    6.366548  16.992430   7.008454
 484       "ah-k+y"    1    1.027488   1.701797  12.510631
 485        "hh-uw"    1    0.999912  29.943417  29.051159
 486       "y-uw+b"    2    2.074241  15.157738   1.999863
 487       "y-uw+m"    3    3.014415   6.261642  50.733486
 488       "y-uw+p"    1    1.000263   3.012257   2.792359
 489       "y-uw+t"    6   15.794599   8.022414  22.997517
 490       "y-uw+z"    1    1.005198   1.000016   0.999952
 491       "ah-l+z"    1   13.057705   1.011073   0.999974
 492       "r-t+ih"    1    8.880629   6.258979   1.077242
 493       "ah-m+b"    2    2.973723  15.975006   2.024597
 494       "ah-m+p"    4    5.008870  17.957319  12.155375
 495       "ah-m+z"    1    2.878480  10.104918   2.774203
 496       "k-y+uh"    1    3.861259   3.170146   0.999984
 497       "k-y+uw"    5   17.005203  21.772591   7.582226
 498         "r+ay"    1   11.996089   2.857306   0.999937
 499         "r+eh"    1    0.999980   0.999980   1.032458
 500       "v-ae+l"    2   12.761422  10.272464   6.985938
 501         "r+ih"    1    5.985855   1.995661   1.033357
 502       "w-eh+l"    1    1.013296   1.787938   4.088571
 503       "w-eh+r"    1    0.999821   1.026229   2.118801
 504       "w-eh+t"    1    1.000960   7.515197   3.414170
 505       "ah-n+d"    1    2.983497   1.000025   1.000000
 506       "ah-n+s"    1    1.003104   0.999996   0.999987
 507       "ah-n+t"    4   20.877728   6.357636   4.991865
 508       "t-iy+v"    6  154.794556  26.791821  18.928408
 509         "r-iy"    5   66.400536  23.815556  35.678268
 510         "r-jh"    1    1.000399   0.999986  34.977936
 511         "r-ow"    5   51.639599  19.849363  18.130335
 512       "v-ah+n"    6   20.572809  10.243097  15.587385
 513       "t-ao+r"    1    1.008736   0.999764   2.966005
 514       "p-l+ah"    1    0.999879   4.005421   0.999918
 515       "p-l+ey"    6    9.587597  20.940788  14.746006
 516      "k-ch+ah"    1    6.932705   8.678086   3.289820
 517      "k-ch+er"    1    0.999954   2.005843   9.004741
 518       "eh-d+z"    1    9.532781   1.772634   0.999914
 519       "z-ih+k"    1    4.982706   9.605651  26.424126
 520      "hh-ey+v"    1    3.752791   6.070231   5.567855
 521       "ah-s+b"    1    2.992612   4.843181   8.359014
 522      "d-ay+ah"    5   10.010654  15.980762  56.145260
 523       "m-y+ah"    1    0.999893   1.037707   1.001246
 524      "d-ay+jh"    1    1.052063   2.209730  12.966171
 525       "r-ay+t"    7   25.373142  24.364632  18.166147
 526      "ch-oy+s"    1   15.962301   5.028667   0.999971
 527       "m-y+uw"    1    6.397670   1.000044   1.048241
 528      "ng-k+ch"    1    0.999954   0.999954   0.999954
 529       "n-d+ih"    1    1.833544   1.949593   1.014130
 530       "w-er+d"    1    0.999796   2.719470  49.260876
 531       "t-aw+n"    1   18.499815   2.409981   1.104421
 532       "eh-k+s"    1    4.005013   2.397434   1.129144
 533     "zh-ih+ng"    1   13.319802   1.811260   1.073549
 534       "d-v+eh"    1    0.999945   0.999944   0.999944
 535      "l-ow+er"    1    8.154844   7.519638   0.999828
 536       "eh-l+m"    1    8.484886   1.181113   0.999907
 537       "eh-l+p"    3   16.651945  11.030169   5.629024
 538       "eh-l+t"    1    8.170493   3.949880   4.760376
 539      "ah-m+er"    1    1.849923   0.999925   1.155780
 540      "aa-r+th"    1    2.980800   7.927013   1.770022
 541      "uw-z+ih"    1    5.141725   1.953001   0.999965
 542       "eh-n+d"    3   46.869934   5.438409   3.271023
 543       "eh-n+s"    1    2.992054   1.000757   0.999946
 544       "eh-n+y"    1    0.999929   2.897243   9.982275
 545      "t-er+ay"    1    4.182669   5.233825   0.999961
 546      "t-er+ey"    1    3.902374   6.016739   0.999952
 547       "ih-b+y"    1    0.999906   1.000654   1.239521
 548       "eh-r+p"    1    8.583257   5.430429   1.296634
 549       "eh-s+t"    1    4.007731   6.981739   9.019277
 550     "ah-hh+eh"    1    1.084066   1.002226   8.998857
 551       "ih-f+t"    1    0.999820   2.999657   0.999820
 552       "l-m+ah"    1    2.360419   7.780193   4.004524
 553       "z-iy+r"    5    5.323427   8.708908   6.333047
 554      "iy-k+ah"    1    0.999883   1.049670   2.959725
 555      "iy-k+eh"    1    4.480258   1.227141   3.240945
 556      "eh-k+sh"    1    1.013673   2.159204   2.630921
 557      "ow-b+ih"    1    4.166215   1.078589   2.610047
 558         "b+aa"    1    1.000007   1.990689   1.972903
 559         "b+ae"    2    6.128568   4.501116   2.122925
 560         "b+ah"    1    2.004864   1.979089   2.301070
 561         "b+eh"    2   13.998108   4.015143   2.565147
 562         "b+ey"    2    7.265288   5.947697   2.148618
 563         "b+ih"    2   17.560501   5.983256   2.120059
 564         "b+iy"    1   14.560563   2.437294   2.001901
 565         "b+uh"    2   18.607336   7.953717   3.892322
 566         "b+uw"    1   10.957451   4.309296   2.655755
 567      "l-ih+jh"    1    1.000328   1.000001   1.006410
 568      "l-ih+ng"    2   26.508410   2.016795   2.002402
 569      "l-ih+sh"    1    2.170459   2.044354   1.079249
 570       "ih-k+s"    6   34.675274  10.025766   7.721323
 571       "k-oy+l"    1   18.463779   1.001660   2.120352
 572       "k-oy+n"    1   18.966602   0.999946  13.994841
 573     "eh-dh+er"    4   20.909744  15.087047  12.505420
 574         "b-ah"    1    1.761496  15.965658  10.076134
 575        "er-th"    1   15.001793  19.997700  12.000015
 576         "b-ow"    1   22.904633   4.090709  27.138075
 577       "ih-n+f"    1    0.999912   0.999912   1.159113
 578       "aa-f+t"    2    2.021298  14.624802   1.999955
 579         "s+aa"    3   15.776668  26.232178   9.722936
 580         "s+ae"    1   16.663712  11.171229   4.456206
 581         "s+ay"    2   14.045670  16.942352   8.330652
 582      "k-sh+ah"    1   10.198200   1.990372   1.006456
 583         "s+eh"    5   37.950771  43.529465  14.280910
 584         "s+ih"    6   26.655035  45.196148  25.034206
 585      "l-iy+ah"    1    1.136132   7.789773   2.072408
 586         "s+uw"    1    8.485721  11.386955   5.008342
 587      "iy-ah+l"    1    1.229483   1.197984   5.368480
 588      "iy-ah+s"    1    0.999746   0.999746   0.999746
 589      "ah-v+aa"    1    1.233722   1.271151   0.999968
 590      "ah-v+er"    1    1.792083   3.690126   1.000313
 591      "ey-v+ah"    1    2.596691   1.002788   0.999998
 592        "ah+ch"    1    3.215596   4.754800   1.003807
 593        "ah+hh"    1    3.580631   1.000947   1.873821
 594       "b-uh+k"    1    2.186433   3.027884   1.000647
 595       "b-uh+l"    1    1.000012   0.999904   0.999904
 596      "g-eh+dh"    1    1.028006   6.918764   5.993310
 597       "aa-k+s"    2    3.519040   4.762897   2.030335
 598        "ah-ng"    6   51.602718  29.511642 221.312195
 599       "aa-l+y"    2    4.374101   7.575583   2.607439
 600       "aa-m+b"    1    3.244169   2.999198   0.999910
 601        "r-p+l"    1   11.432255   8.860549   0.999902
 602         "ih+k"    1    3.993130   3.089960   1.672930
 603         "ih+l"    1    6.984484   4.971375   1.111996
 604         "ih+n"    1    0.999915   0.999935   1.008594
 605         "ih-k"    2    7.545854   2.277532  14.033053
 606         "ih-p"    1   23.756199   3.304711  21.036016
 607         "ih-v"    1    2.776107  20.980864   1.128056
 608      "eh-t+ah"    1    6.680164   1.690907   1.002180
 609      "iy-t+ah"    1    0.999985   0.999986   0.999989
 610       "aa-r+t"    2    5.398097  19.647623   5.796474
 611       "r-m+ey"    1    9.076173   4.953143  22.009554
 612       "k-r+ah"    1    2.945352   1.014949   0.999954
 613       "k-r+ay"    1    3.631255   2.872634   1.000268
 614       "k-r+ey"    1    3.932732   6.331327   1.000405
 615       "k-r+iy"    1    0.999831   0.999831   0.999831
 616       "d-w+eh"    1    9.022945   4.055747   1.002608
 617         "k+aa"    2   14.722878  15.963310   3.417168
 618         "k+ah"    8   54.609615  29.838257  12.355080
 619         "k+ao"    5   20.111534  35.968857   9.043192
 620         "k+eh"    3    5.999589   5.000299   8.600005
 621         "k+er"    1    4.174497   4.914972   2.392797
 622         "k+oy"    2   31.802691   4.259623  21.465443
 623      "ah-n+ah"    2    7.028868   6.996217   1.999941
 624      "ah-n+ey"    1    1.883243   2.798959   0.999909
 625     "iy-zh+ah"    1    7.993454   6.853961   1.102188
 626      "n-th+iy"    1    1.832287  33.980919   3.007378
 627         "aa+l"    1    7.413302   1.003581   5.207603
 628         "aa+r"    2    7.026586   1.999862   2.000260
 629         "aa-l"    1    5.617416   3.660513   3.971479
 630         "aa-p"    1    4.113343   1.013082  53.583118
 631       "b-uw+t"    1    1.000999  12.069256   0.999946
 632         "ae+b"    2   10.665043  13.608768   8.902968
 633         "ae+d"    1    4.999610   0.999954   3.211814
 634         "ae+f"    1    3.891870  12.970431   5.023488
 635         "ae+g"    1    4.987891   6.944768   7.041039
 636         "ae+k"    2   14.042892   6.947398  11.697634
 637         "ae+l"    2   10.888961   9.752800   3.975183
 638         "ae+m"    3   11.095239  19.297626   7.800714
 639         "ae-k"    1    0.999756   0.999815   0.999814
 640         "ae-n"    2   17.018789  12.994950  46.075455
 641      "ih-r+iy"    1    9.466613   6.251432   1.074540
 642      "uw-b+ah"    1    1.000119   1.003188   3.199116
 643     "er-ey+sh"    1    4.817242   1.094305   3.008078
 644      "r-ih+dh"    1    1.039678   1.921985   1.091818
 645      "ae-b+ah"    1    4.054394   1.760473   2.197747
 646      "r-ih+ng"    1    0.999968   1.000559   0.999950
 647         "ah+b"    5   21.568810  16.410969   6.929792
 648         "ah+g"    1   14.857931   3.959373   5.153987
 649         "ah+k"    2   12.090514   8.706251   3.928728
 650         "ah+n"    2   12.591836   5.850715  12.288704
 651         "ah+p"    1   10.474351   4.756261   3.503928
 652         "ah+v"    1    8.299923   3.978969   5.237918
 653         "ah-l"   23  218.359512  90.783142 179.214767
 654         "ah-m"    1    1.012846  16.980881   3.003099
 655         "ah-n"   23  270.559570 199.170654 287.376099
 656         "ah-p"    1   12.072751   1.286543  61.651615
 657         "ah-s"    3   11.992352  42.168659  37.835461
 658         "ah-t"    2   12.352759   8.466114  15.059959
 659         "ah-z"    1    6.964406  17.036179  11.881643
 660      "eh-l+ah"    1    9.774749   3.986800   1.186904
 661      "hh-ow+m"    1    1.000161  41.961823  23.035051
 662      "dh-ah+m"    2    1.999994   2.003138   2.000323
 663        "dh-er"    5   43.227814  36.582821  66.873512
 664        "dh-ow"    1   28.404566   8.568647   1.936003
 665         "iy+m"    1    0.999970   0.999970   0.999970
 666       "b-eh+l"    1    1.910815   2.981263   3.571263
 667       "b-eh+n"    1    1.030449  14.514716   1.902193
 668         "iy-m"    1    0.999894   8.125085   6.899878
 669         "iy-v"    7   27.350908  42.701168 134.604111
 670       "r-th+r"    1    4.295021   0.999962   4.999598
 671      "r-iy+ah"    2    2.002180   4.980515   3.475995
 672         "ao+l"    3   13.887566  33.001854   8.311780
 673         "ao-l"    5   12.072321  12.482087   7.546307
 674         "ao-r"    5   23.393635  17.161144  32.887207
 675       "uh-d+s"    1    1.000054   0.999945   0.999948
 676      "m-eh+zh"    2    3.050258  19.908934   3.080850
