   1            "b"   32  164.329254  85.317535 104.659599
   2            "d"   30   94.619835  66.192123  59.322666
   3            "f"   17  232.599945 260.687836 118.771011
   4            "g"    8   24.966894  30.277992  58.034939
   5            "k"   41  107.243126 126.261147 189.063141
   6            "l"   58  440.049133 166.110321 139.188904
   7            "m"   14   66.666565  41.697308  45.641602
   8            "n"   58  486.973175 345.509583 717.084839
   9            "p"   12   78.177673  25.354610  37.141602
  10            "r"   33  181.447952 131.794861  77.050957
  11            "s"   32  132.986145 308.728699 148.927383
  12            "t"   45  199.012558 183.040833 664.025452
  13            "v"   21  101.199989  50.241711 197.036911
  14            "w"    8   64.478348  26.019300  39.170143
  15            "y"   13  131.930618 120.500366  95.690704
  16            "z"   11  100.541222  79.516891  41.937286
  17       "d-eh+p"   31  152.649887 141.703629 103.594536
  18         "t-uw"   11   66.084946 118.000465 134.813995
  19           "aa"    8   74.707230  14.357116  15.275946
  20           "ae"   17   66.056808 138.588806  80.691833
  21           "ah"   91  276.277527 179.199753 301.826385
  22           "ao"   14   43.825428 140.553375 113.250450
  23           "aw"    4   18.031496  11.215828  52.009583
  24           "ay"   24  124.148758 176.421021 217.999451
  25           "ch"    5   16.019228  17.953388  43.908077
  26           "dh"    4   26.122841  32.085327 122.941391
  27           "er"   15  138.876633  79.068291 141.540237
  28           "ey"   24   87.476189 249.055710  99.511803
  29           "hh"   11   29.199915 187.463257  52.863365
  30           "ih"   27  102.687927 184.063736 161.204758
  31           "iy"   19  113.375618  86.059280  71.025574
  32           "jh"    3    5.999836  11.203815  21.626947
  33           "ng"   12   80.301819  44.785969 285.001434
  34           "ow"    5  356.729248 142.118057 229.562668
  35           "oy"    4   36.461227  29.969570  36.697678
  36           "sh"    7   68.185333  21.844118  42.321774
  37           "sp"  181  1586.411987
  38           "th"   11   74.659462 257.585815  89.878197
  39           "uh"    5   30.539974  27.402697  38.110687
  40           "zh"    9   57.959393  30.193388  39.652863
  41         "l-ow"   16  356.729248 142.118057 229.562668
  42          "sil"   62  1622.650757 1586.411987 478.895172
  43         "ey-n"    5  486.973175 345.509583 125.066711
  44       "t-iy+v"    6  136.102753  86.059280  71.025574
