   1     "th-hh+eh"   14   47.506744  41.161064 151.078018
   2         "t+aa"   73  359.354065 275.628479 206.887878
   3            "b"   39  204.903549  99.823074  81.298470
   4            "d"   41  157.133652  82.584366  87.604973
   5            "f"   25  201.329361 251.549515 132.343643
   6            "g"   10   29.104755  45.768322  58.517662
   7            "k"   55  294.770142 165.694534 174.193741
   8            "l"   86  541.213806 319.390656 351.972534
   9            "m"   35   86.357384 183.417435 176.781036
  10            "n"   71  571.595703 433.949890 398.266876
  11            "p"   27  118.810448  86.403313 221.041641
  12            "r"   48  220.139221 174.439880 178.395172
  13            "s"   49  250.568710 427.317383 279.544312
  14            "v"   21   95.668869 121.469101 159.207199
  15            "w"   17  168.428268  86.278435  71.983246
  16            "y"   27  181.443588 124.134895 128.127090
  17            "z"   18  139.168564 159.186813 198.328842
  18       "f-uw+b"   27  129.287552 185.806549 164.594284
  19      "f-ey+aa"   38  138.103592 365.688293 205.904892
  20      "d-jh+aa"    4    8.299067  10.997056  60.347355
  21      "er-ae+b"   25  110.071259 182.933044 111.110954
  22      "ch-ih+b"   38  182.345444  84.181091 120.326012
  23      "oy-iy+f"   30  176.529922 123.022675  95.756958
  24      "y-er+aa"   34  358.014343 246.914551 346.605835
  25      "m-aw+ah"   10  106.365486  71.547394  32.517834
  26         "t-aa"   21  119.233963 144.443802  80.983070
  27         "t-ah"  121  277.562317 278.839325 315.988434
  28         "t-ao"   19   68.645370 167.257645 161.718124
  29         "t-ay"   13   92.705727 118.476540 125.853981
  30         "t-ch"    5   49.568214  23.587883  40.497009
  31         "t-eh"   40  136.755463 214.278610 140.298141
  32         "t-iy"    6  146.758911 123.022675  95.756958
  33         "t-ow"    0  334.415588 182.314270 137.092896
  34         "t-oy"    4   81.210533  12.184853  18.740984
  35         "t-sh"   13  151.349899  35.981640  36.805500
  36         "t-th"   11   54.497288 188.390305 105.293228
  37           "dh"    8   39.186760  19.991283  24.090954
  38       "w-ow+b"    0  334.415588 182.314270 137.092896
  39       "w-ow+d"    0  334.415588 113.435959 137.092896
  40       "w-ow+f"    0  334.415588 182.314270 137.092896
  41       "w-ow+g"    0  334.415588 182.314270 137.092896
  42       "w-ow+k"    0  334.415588 182.314270 137.092896
  43       "w-ow+l"    0  334.415588 113.435959 137.092896
  44       "w-ow+m"    0  334.415588 182.314270 137.092896
  45       "w-ow+n"    0  334.415588 113.435959 137.092896
  46       "w-ow+p"    0  334.415588 182.314270 137.092896
  47       "w-ow+s"    0  334.415588 113.435959 137.092896
  48       "w-ow+t"    0  334.415588 113.435959 137.092896
  49       "w-ow+v"    0  334.415588 182.314270 137.092896
  50       "w-ow+z"    0  334.415588 113.435959 137.092896
  51           "ng"   12  120.884506  54.698818 251.734207
  52           "ow"    5  334.415588 182.314270 137.092896
  53           "sp"  245  4939.774414
  54           "uh"    6   36.804592  19.617788  21.008379
  55           "zh"    9   92.668068  62.003223  32.693222
  56      "ow-ay+n"   14   92.705727 118.476540 167.479095
  57      "aw-ow+l"    0  334.415588 113.435959 137.092896
  58      "aw-ow+m"    0  334.415588 182.314270 137.092896
  59      "aw-ow+t"    0  334.415588 113.435959 137.092896
  60       "y-ow+b"    0  334.415588 182.314270 137.092896
  61       "y-ow+d"    0  334.415588 113.435959 137.092896
  62       "y-ow+f"    0  334.415588 182.314270 137.092896
  63       "y-ow+g"    0  334.415588 182.314270 137.092896
  64       "y-ow+k"    0  334.415588 182.314270 137.092896
  65       "y-ow+l"    0  334.415588 113.435959 137.092896
  66       "y-ow+m"    0  334.415588 182.314270 137.092896
  67       "y-ow+n"    0  334.415588 113.435959 137.092896
  68       "y-ow+r"    0  334.415588 113.435959 137.092896
  69       "y-ow+s"    0  334.415588 113.435959 137.092896
  70       "y-ow+t"    0  334.415588 113.435959 137.092896
  71       "y-ow+v"    0  334.415588 182.314270 137.092896
  72       "y-ow+y"    0  334.415588 182.314270 137.092896
  73       "y-ow+z"    0  334.415588 113.435959 137.092896
  74         "l-ow"   12  334.415588 182.314270 137.092896
  75        "aa-ow"    0  334.415588 182.314270 137.092896
  76      "ay-ow+b"    0  334.415588 182.314270 137.092896
  77      "ay-ow+d"    0  334.415588 113.435959 137.092896
  78      "ay-ow+f"    0  334.415588 182.314270 137.092896
  79      "ay-ow+k"    0  334.415588 182.314270 137.092896
  80      "ay-ow+l"    0  334.415588 113.435959 137.092896
  81      "ay-ow+m"    0  334.415588 182.314270 137.092896
  82      "ay-ow+n"    0  334.415588 113.435959 137.092896
  83      "ay-ow+p"    0  334.415588 182.314270 137.092896
  84      "ay-ow+s"    0  334.415588 113.435959 137.092896
  85      "ay-ow+t"    0  334.415588 113.435959 137.092896
  86      "ay-ow+v"    0  334.415588 182.314270 137.092896
  87      "ay-ow+y"    0  334.415588 182.314270 137.092896
  88      "ay-ow+z"    0  334.415588 113.435959 137.092896
  89      "p-ow+aa"    0  334.415588 113.435959 137.092896
  90      "p-ow+ae"    0  334.415588 182.314270 137.092896
  91      "p-ow+ah"    0  334.415588 182.314270 137.092896
  92      "p-ow+ay"    0  334.415588 182.314270 137.092896
  93        "th-ow"    0  334.415588 182.314270 137.092896
  94      "p-ow+ch"    0  334.415588 182.314270 137.092896
  95      "p-ow+eh"    0  334.415588 113.435959 137.092896
  96      "p-ow+er"    0  334.415588 113.435959 137.092896
  97      "p-ow+ey"    0  334.415588 182.314270 137.092896
  98      "p-ow+hh"    0  334.415588 182.314270 137.092896
  99      "p-ow+ih"    0  334.415588 182.314270 137.092896
 100      "p-ow+iy"    0  334.415588 182.314270 137.092896
 101      "p-ow+jh"    0  334.415588 182.314270 137.092896
 102      "p-ow+sh"    0  334.415588 113.435959 137.092896
 103      "p-ow+th"    0  334.415588 113.435959 137.092896
 104      "p-ow+zh"    0  334.415588 182.314270 137.092896
 105     "iy-ow+aa"    0  334.415588 113.435959 137.092896
 106     "iy-ow+ae"    0  334.415588 182.314270 137.092896
 107     "iy-ow+ah"    0  334.415588 182.314270 137.092896
 108     "iy-ow+eh"    0  334.415588 113.435959 137.092896
 109     "iy-ow+hh"    0  334.415588 182.314270 137.092896
 110     "iy-ow+ih"    0  334.415588 182.314270 137.092896
 111     "iy-ow+iy"    0  334.415588 182.314270 137.092896
 112     "iy-ow+jh"    0  334.415588 182.314270 137.092896
 113     "iy-ow+ng"    0  334.415588 182.314270 137.092896
 114     "iy-ow+sh"    0  334.415588 113.435959 137.092896
 115     "iy-ow+th"    0  334.415588 113.435959 137.092896
 116     "iy-ow+zh"    0  334.415588 182.314270 137.092896
 117      "w-ow+ah"    0  334.415588 182.314270 137.092896
 118      "w-ow+ch"    0  334.415588 182.314270 137.092896
 119      "w-ow+eh"    0  334.415588 113.435959 137.092896
 120      "w-ow+er"    0  334.415588 113.435959 137.092896
 121      "w-ow+hh"    0  334.415588 182.314270 137.092896
 122      "w-ow+iy"    0  334.415588 182.314270 137.092896
 123      "w-ow+sh"    0  334.415588 113.435959 137.092896
 124      "w-ow+th"    0  334.415588 113.435959 137.092896
 125         "d-ow"    0  334.415588 182.314270 137.092896
 126        "jh-ow"    0  334.415588 182.314270 137.092896
 127      "iy-v+aa"    8   95.668869 121.469101 145.425385
 128      "th-ow+b"    0  334.415588 182.314270 137.092896
 129      "th-ow+d"    0  334.415588 113.435959 137.092896
 130      "th-ow+l"    0  334.415588 113.435959 137.092896
 131      "th-ow+m"    0  334.415588 182.314270 137.092896
 132      "th-ow+n"    0  334.415588 113.435959 137.092896
 133      "th-ow+p"    0  334.415588 182.314270 137.092896
 134      "th-ow+t"    0  334.415588 113.435959 137.092896
 135      "th-ow+v"    0  334.415588 182.314270 137.092896
 136      "th-ow+z"    0  334.415588 113.435959 137.092896
 137         "m-ow"    0  334.415588 182.314270 137.092896
 138      "v-ow+ah"    0  334.415588 182.314270 137.092896
 139      "v-ow+aw"    0  334.415588 182.314270 137.092896
 140      "v-ow+hh"    0  334.415588 182.314270 137.092896
 141      "v-ow+jh"    0  334.415588 182.314270 137.092896
 142      "v-ow+ow"    0  334.415588 182.314270 137.092896
 143      "v-ow+sh"    0  334.415588 113.435959 137.092896
 144       "b-ow+b"    0  334.415588 182.314270 137.092896
 145       "b-ow+d"    0  334.415588 113.435959 137.092896
 146       "b-ow+f"    0  334.415588 182.314270 137.092896
 147       "b-ow+g"    0  334.415588 182.314270 137.092896
 148       "b-ow+k"    0  334.415588 182.314270 137.092896
 149       "b-ow+l"    0  334.415588 113.435959 137.092896
 150       "b-ow+m"    0  334.415588 182.314270 137.092896
 151       "b-ow+n"    0  334.415588 113.435959 137.092896
 152       "b-ow+p"    0  334.415588 182.314270 137.092896
 153       "b-ow+r"    0  334.415588 113.435959 137.092896
 154       "b-ow+s"    0  334.415588 113.435959 137.092896
 155       "b-ow+t"    0  334.415588 113.435959 137.092896
 156       "b-ow+v"    0  334.415588 182.314270 137.092896
 157       "b-ow+w"    0  334.415588 182.314270 137.092896
 158       "b-ow+y"    0  334.415588 182.314270 137.092896
 159       "b-ow+z"    0  334.415588 113.435959 137.092896
 160     "dh-ow+ao"    0  334.415588 113.435959 137.092896
 161     "dh-ow+ch"    0  334.415588 182.314270 137.092896
 162     "dh-ow+ih"    0  334.415588 182.314270 137.092896
 163        "zh-ow"    0  334.415588 182.314270 137.092896
 164         "v-ow"    0  334.415588 182.314270 137.092896
 165      "n-ow+ae"    0  334.415588 182.314270 137.092896
 166      "n-ow+ah"    0  334.415588 182.314270 137.092896
 167      "n-ow+ch"    0  334.415588 182.314270 137.092896
 168      "n-ow+dh"    0  334.415588 113.435959 137.092896
 169      "n-ow+eh"    0  334.415588 113.435959 137.092896
 170      "n-ow+er"    0  334.415588 113.435959 137.092896
 171      "n-ow+ey"    0  334.415588 182.314270 137.092896
 172      "n-ow+hh"    0  334.415588 182.314270 137.092896
 173      "n-ow+ih"    0  334.415588 182.314270 137.092896
 174      "n-ow+iy"    0  334.415588 182.314270 137.092896
 175      "n-ow+jh"    0  334.415588 182.314270 137.092896
 176      "n-ow+ow"    0  334.415588 182.314270 137.092896
 177      "n-ow+sh"    0  334.415588 113.435959 137.092896
 178      "n-ow+th"    0  334.415588 113.435959 137.092896
 179      "n-ow+uh"    0  334.415588 182.314270 137.092896
 180      "n-ow+uw"    0  334.415588 182.314270 137.092896
 181      "n-ow+zh"    0  334.415588 182.314270 137.092896
 182       "d-ow+b"    0  334.415588 182.314270 137.092896
 183       "d-ow+d"    0  334.415588 113.435959 137.092896
 184       "d-ow+f"    0  334.415588 182.314270 137.092896
 185       "d-ow+g"    0  334.415588 182.314270 137.092896
 186       "d-ow+k"    0  334.415588 182.314270 137.092896
 187       "d-ow+l"    0  334.415588 113.435959 137.092896
 188       "d-ow+m"    0  334.415588 182.314270 137.092896
 189       "d-ow+n"    0  334.415588 113.435959 137.092896
 190       "d-ow+p"    0  334.415588 182.314270 137.092896
 191       "d-ow+s"    0  334.415588 113.435959 137.092896
 192       "d-ow+t"    0  334.415588 113.435959 137.092896
 193       "d-ow+v"    0  334.415588 182.314270 137.092896
 194       "d-ow+w"    0  334.415588 182.314270 137.092896
 195       "d-ow+y"    0  334.415588 182.314270 137.092896
 196       "d-ow+z"    0  334.415588 113.435959 137.092896
 197      "sh-ow+b"    0  334.415588 182.314270 137.092896
 198      "sh-ow+d"    0  334.415588 113.435959 137.092896
 199      "sh-ow+f"    0  334.415588 182.314270 137.092896
 200      "sh-ow+g"    0  334.415588 182.314270 137.092896
 201      "sh-ow+k"    0  334.415588 182.314270 137.092896
 202      "sh-ow+l"    0  334.415588 113.435959 137.092896
 203      "sh-ow+m"    0  334.415588 182.314270 137.092896
 204      "sh-ow+n"    0  334.415588 113.435959 137.092896
 205      "sh-ow+p"    0  334.415588 182.314270 137.092896
 206      "sh-ow+r"    0  334.415588 113.435959 137.092896
 207      "sh-ow+s"    0  334.415588 113.435959 137.092896
 208      "sh-ow+t"    0  334.415588 113.435959 137.092896
 209      "sh-ow+v"    0  334.415588 182.314270 137.092896
 210      "sh-ow+z"    0  334.415588 113.435959 137.092896
 211      "d-ow+ah"    0  334.415588 182.314270 137.092896
 212      "d-ow+ch"    0  334.415588 182.314270 137.092896
 213      "d-ow+eh"    0  334.415588 113.435959 137.092896
 214      "d-ow+er"    0  334.415588 113.435959 137.092896
 215      "d-ow+ey"    0  334.415588 182.314270 137.092896
 216      "d-ow+hh"    0  334.415588 182.314270 137.092896
 217      "d-ow+ih"    0  334.415588 182.314270 137.092896
 218      "d-ow+iy"    0  334.415588 182.314270 137.092896
 219      "d-ow+jh"    0  334.415588 182.314270 137.092896
 220      "d-ow+ng"    0  334.415588 182.314270 137.092896
 221      "d-ow+sh"    0  334.415588 113.435959 137.092896
 222      "d-ow+th"    0  334.415588 113.435959 137.092896
 223      "d-ow+zh"    0  334.415588 182.314270 137.092896
 224      "zh-ow+n"    0  334.415588 113.435959 137.092896
 225     "eh-ow+eh"    0  334.415588 113.435959 137.092896
 226        "ch-ow"    0  334.415588 182.314270 137.092896
 227       "f-ow+b"    0  334.415588 182.314270 137.092896
 228       "f-ow+d"    0  334.415588 113.435959 137.092896
 229       "f-ow+g"    0  334.415588 182.314270 137.092896
 230       "f-ow+k"    0  334.415588 182.314270 137.092896
 231       "f-ow+l"    0  334.415588 113.435959 137.092896
 232       "f-ow+m"    0  334.415588 182.314270 137.092896
 233       "f-ow+n"    7  334.415588 113.435959 137.092896
 234       "f-ow+p"    0  334.415588 182.314270 137.092896
 235       "f-ow+r"    0  334.415588 113.435959 137.092896
 236       "f-ow+s"    0  334.415588 113.435959 137.092896
 237       "f-ow+t"    0  334.415588 113.435959 137.092896
 238       "f-ow+w"    0  334.415588 182.314270 137.092896
 239       "f-ow+y"    0  334.415588 182.314270 137.092896
 240       "f-ow+z"    0  334.415588 113.435959 137.092896
 241     "ey-ow+eh"    0  334.415588 113.435959 137.092896
 242     "ey-ow+er"    0  334.415588 113.435959 137.092896
 243     "ey-ow+hh"    0  334.415588 182.314270 137.092896
 244     "ey-ow+sh"    0  334.415588 113.435959 137.092896
 245     "ey-ow+th"    0  334.415588 113.435959 137.092896
 246         "n-ow"    0  334.415588 182.314270 137.092896
 247      "ah-ow+k"    0  334.415588 182.314270 137.092896
 248      "ah-ow+m"    0  334.415588 182.314270 137.092896
 249      "ey-ow+d"    0  334.415588 113.435959 137.092896
 250      "ey-ow+f"    0  334.415588 182.314270 137.092896
 251      "ey-ow+k"    0  334.415588 182.314270 137.092896
 252      "ey-ow+l"    0  334.415588 113.435959 137.092896
 253      "ey-ow+m"    0  334.415588 182.314270 137.092896
 254      "ey-ow+n"    0  334.415588 113.435959 137.092896
 255      "ey-ow+s"    0  334.415588 113.435959 137.092896
 256      "ey-ow+t"    0  334.415588 113.435959 137.092896
 257      "ey-ow+v"    0  334.415588 182.314270 137.092896
 258      "ey-ow+y"    0  334.415588 182.314270 137.092896
 259      "ey-ow+z"    0  334.415588 113.435959 137.092896
 260      "aa-n+aa"    5  571.595703 433.949890 124.657204
 261         "f-ow"    0  334.415588 182.314270 137.092896
 262      "t-ow+aa"    0  334.415588 113.435959 137.092896
 263      "t-ow+ah"    0  334.415588 182.314270 137.092896
 264      "t-ow+ao"    0  334.415588 113.435959 137.092896
 265      "t-ow+ay"    0  334.415588 182.314270 137.092896
 266      "t-ow+ch"    0  334.415588 182.314270 137.092896
 267      "t-ow+er"    0  334.415588 113.435959 137.092896
 268      "t-ow+ey"    0  334.415588 182.314270 137.092896
 269      "t-ow+hh"    0  334.415588 182.314270 137.092896
 270      "t-ow+ih"    0  334.415588 182.314270 137.092896
 271      "t-ow+iy"    0  334.415588 182.314270 137.092896
 272      "t-ow+jh"    0  334.415588 182.314270 137.092896
 273      "t-ow+sh"    0  334.415588 113.435959 137.092896
 274      "t-ow+th"    0  334.415588 113.435959 137.092896
 275       "l-ow+b"    0  334.415588 182.314270 137.092896
 276       "l-ow+d"    0  334.415588 113.435959 137.092896
 277       "l-ow+f"    0  334.415588 182.314270 137.092896
 278       "l-ow+g"    0  334.415588 182.314270 137.092896
 279       "l-ow+k"    0  334.415588 182.314270 137.092896
 280       "l-ow+l"    0  334.415588 113.435959 137.092896
 281       "l-ow+m"    0  334.415588 182.314270 137.092896
 282       "l-ow+p"    0  334.415588 182.314270 137.092896
 283       "l-ow+r"    0  334.415588 113.435959 137.092896
 284       "l-ow+s"    0  334.415588 113.435959 137.092896
 285       "l-ow+t"    0  334.415588 113.435959 137.092896
 286       "l-ow+v"    0  334.415588 182.314270 137.092896
 287       "l-ow+w"    0  334.415588 182.314270 137.092896
 288       "l-ow+y"    0  334.415588 182.314270 137.092896
 289       "l-ow+z"    0  334.415588 113.435959 137.092896
 290         "w-ow"    0  334.415588 182.314270 137.092896
 291        "ow+aa"    0  334.415588 113.435959 137.092896
 292        "ow+ae"    0  334.415588 182.314270 137.092896
 293        "ow+ah"    0  334.415588 182.314270 137.092896
 294        "ow+ao"    0  334.415588 113.435959 137.092896
 295        "ow+ay"    0  334.415588 182.314270 137.092896
 296        "ow+ch"    0  334.415588 182.314270 137.092896
 297        "ow+dh"    0  334.415588 113.435959 137.092896
 298        "ow+eh"    0  334.415588 113.435959 137.092896
 299        "ow+er"    0  334.415588 113.435959 137.092896
 300        "ow+ey"    0  334.415588 182.314270 137.092896
 301        "ow+hh"    0  334.415588 182.314270 137.092896
 302        "ow+ih"    0  334.415588 182.314270 137.092896
 303        "ow+iy"    0  334.415588 182.314270 137.092896
 304        "ow+jh"    0  334.415588 182.314270 137.092896
 305        "ow+ow"    0  334.415588 182.314270 137.092896
 306        "ow+sh"    0  334.415588 113.435959 137.092896
 307        "ow+th"    0  334.415588 113.435959 137.092896
 308        "ow+uh"    0  334.415588 182.314270 137.092896
 309        "ow+zh"    0  334.415588 182.314270 137.092896
 310       "n-ow+b"    0  334.415588 182.314270 137.092896
 311       "n-ow+d"    0  334.415588 113.435959 137.092896
 312       "n-ow+f"    0  334.415588 182.314270 137.092896
 313       "n-ow+g"    0  334.415588 182.314270 137.092896
 314       "n-ow+k"    0  334.415588 182.314270 137.092896
 315       "n-ow+l"    0  334.415588 113.435959 137.092896
 316       "n-ow+m"    0  334.415588 182.314270 137.092896
 317       "n-ow+n"    0  334.415588 113.435959 137.092896
 318       "n-ow+p"    0  334.415588 182.314270 137.092896
 319       "n-ow+r"    0  334.415588 113.435959 137.092896
 320       "n-ow+s"    0  334.415588 113.435959 137.092896
 321       "n-ow+t"    0  334.415588 113.435959 137.092896
 322       "n-ow+v"    0  334.415588 182.314270 137.092896
 323       "n-ow+w"    0  334.415588 182.314270 137.092896
 324       "n-ow+y"    0  334.415588 182.314270 137.092896
 325       "n-ow+z"    0  334.415588 113.435959 137.092896
 326        "ow-ow"    0  334.415588 182.314270 137.092896
 327       "p-ow+b"    0  334.415588 182.314270 137.092896
 328       "p-ow+d"    0  334.415588 113.435959 137.092896
 329       "p-ow+f"    0  334.415588 182.314270 137.092896
 330       "p-ow+g"    0  334.415588 182.314270 137.092896
 331       "p-ow+k"    0  334.415588 182.314270 137.092896
 332       "p-ow+l"    0  334.415588 113.435959 137.092896
 333       "p-ow+m"    0  334.415588 182.314270 137.092896
 334       "p-ow+n"    0  334.415588 113.435959 137.092896
 335       "p-ow+p"    0  334.415588 182.314270 137.092896
 336       "p-ow+r"    0  334.415588 113.435959 137.092896
 337       "p-ow+s"    0  334.415588 113.435959 137.092896
 338       "p-ow+t"    0  334.415588 113.435959 137.092896
 339       "p-ow+v"    0  334.415588 182.314270 137.092896
 340       "p-ow+y"    0  334.415588 182.314270 137.092896
 341       "p-ow+z"    0  334.415588 113.435959 137.092896
 342      "b-ow+aa"    0  334.415588 113.435959 137.092896
 343      "b-ow+ae"    0  334.415588 182.314270 137.092896
 344      "b-ow+ah"    0  334.415588 182.314270 137.092896
 345      "b-ow+ao"    0  334.415588 113.435959 137.092896
 346      "b-ow+ay"    0  334.415588 182.314270 137.092896
 347      "b-ow+ch"    0  334.415588 182.314270 137.092896
 348      "b-ow+dh"    0  334.415588 113.435959 137.092896
 349      "b-ow+eh"    0  334.415588 113.435959 137.092896
 350      "b-ow+er"    0  334.415588 113.435959 137.092896
 351      "b-ow+hh"    0  334.415588 182.314270 137.092896
 352      "b-ow+ih"    0  334.415588 182.314270 137.092896
 353      "b-ow+iy"    0  334.415588 182.314270 137.092896
 354      "b-ow+jh"    0  334.415588 182.314270 137.092896
 355      "b-ow+ng"    0  334.415588 182.314270 137.092896
 356      "b-ow+ow"    0  334.415588 182.314270 137.092896
 357      "b-ow+sh"    0  334.415588 113.435959 137.092896
 358      "b-ow+th"    0  334.415588 113.435959 137.092896
 359      "s-ow+aa"    0  334.415588 113.435959 137.092896
 360      "s-ow+ah"    0  334.415588 182.314270 137.092896
 361      "s-ow+ao"    0  334.415588 113.435959 137.092896
 362      "s-ow+ay"    0  334.415588 182.314270 137.092896
 363      "s-ow+ch"    0  334.415588 182.314270 137.092896
 364      "s-ow+eh"    0  334.415588 113.435959 137.092896
 365      "s-ow+er"    0  334.415588 113.435959 137.092896
 366      "s-ow+ey"    0  334.415588 182.314270 137.092896
 367      "s-ow+hh"    0  334.415588 182.314270 137.092896
 368      "s-ow+ih"    0  334.415588 182.314270 137.092896
 369      "s-ow+iy"    0  334.415588 182.314270 137.092896
 370      "s-ow+jh"    0  334.415588 182.314270 137.092896
 371      "s-ow+sh"    0  334.415588 113.435959 137.092896
 372      "s-ow+th"    0  334.415588 113.435959 137.092896
 373      "s-ow+uw"    0  334.415588 182.314270 137.092896
 374      "s-ow+zh"    0  334.415588 182.314270 137.092896
 375       "r-ow+d"    0  334.415588 113.435959 137.092896
 376       "r-ow+f"    0  334.415588 182.314270 137.092896
 377       "r-ow+g"    0  334.415588 182.314270 137.092896
 378       "r-ow+k"    0  334.415588 182.314270 137.092896
 379       "r-ow+l"    0  334.415588 113.435959 137.092896
 380       "r-ow+m"    0  334.415588 182.314270 137.092896
 381       "r-ow+n"    0  334.415588 113.435959 137.092896
 382       "r-ow+p"    0  334.415588 182.314270 137.092896
 383       "r-ow+r"    0  334.415588 113.435959 137.092896
 384       "r-ow+s"    0  334.415588 113.435959 137.092896
 385       "r-ow+t"    0  334.415588 113.435959 137.092896
 386       "r-ow+v"    0  334.415588 182.314270 137.092896
 387       "r-ow+w"    0  334.415588 182.314270 137.092896
 388       "r-ow+y"    0  334.415588 182.314270 137.092896
 389       "r-ow+z"    0  334.415588 113.435959 137.092896
 390        "ih-ow"    0  334.415588 182.314270 137.092896
 391          "sil"   80  1259.046387 4939.774414 651.355713
 392      "z-ow+aa"    0  334.415588 113.435959 137.092896
 393      "z-ow+ah"    0  334.415588 182.314270 137.092896
 394      "z-ow+ao"    0  334.415588 113.435959 137.092896
 395      "z-ow+er"    0  334.415588 113.435959 137.092896
 396      "z-ow+hh"    0  334.415588 182.314270 137.092896
 397      "z-ow+ih"    0  334.415588 182.314270 137.092896
 398      "z-ow+iy"    0  334.415588 182.314270 137.092896
 399      "z-ow+jh"    0  334.415588 182.314270 137.092896
 400      "z-ow+sh"    0  334.415588 113.435959 137.092896
 401      "z-ow+th"    0  334.415588 113.435959 137.092896
 402         "g-ow"    0  334.415588 182.314270 137.092896
 403      "z-ow+zh"    0  334.415588 182.314270 137.092896
 404       "t-ow+b"    0  334.415588 182.314270 137.092896
 405       "t-ow+d"    0  334.415588 113.435959 137.092896
 406       "t-ow+f"    0  334.415588 182.314270 137.092896
 407       "t-ow+g"    0  334.415588 182.314270 137.092896
 408       "t-ow+k"    0  334.415588 182.314270 137.092896
 409       "t-ow+l"    0  334.415588 113.435959 137.092896
 410       "t-ow+m"    0  334.415588 182.314270 137.092896
 411       "t-ow+n"    0  334.415588 113.435959 137.092896
 412       "t-ow+p"    0  334.415588 182.314270 137.092896
 413       "t-ow+r"    0  334.415588 113.435959 137.092896
 414       "t-ow+s"    0  334.415588 113.435959 137.092896
 415       "t-ow+t"    0  334.415588 113.435959 137.092896
 416       "t-ow+v"    0  334.415588 182.314270 137.092896
 417       "t-ow+w"    0  334.415588 182.314270 137.092896
 418       "t-ow+y"    0  334.415588 182.314270 137.092896
 419       "t-ow+z"    0  334.415588 113.435959 137.092896
 420        "iy-ow"    0  334.415588 182.314270 137.092896
 421       "v-ow+b"    0  334.415588 182.314270 137.092896
 422       "v-ow+d"    0  334.415588 113.435959 137.092896
 423       "v-ow+f"    0  334.415588 182.314270 137.092896
 424       "v-ow+g"    0  334.415588 182.314270 137.092896
 425       "v-ow+k"    0  334.415588 182.314270 137.092896
 426       "v-ow+l"    0  334.415588 113.435959 137.092896
 427       "v-ow+m"    0  334.415588 182.314270 137.092896
 428       "v-ow+n"    0  334.415588 113.435959 137.092896
 429       "v-ow+s"    0  334.415588 113.435959 137.092896
 430       "v-ow+t"    0  334.415588 113.435959 137.092896
 431       "v-ow+v"    0  334.415588 182.314270 137.092896
 432       "v-ow+y"    0  334.415588 182.314270 137.092896
 433       "v-ow+z"    0  334.415588 113.435959 137.092896
 434     "ao-ow+sh"    0  334.415588 113.435959 137.092896
 435         "p-ow"    0  334.415588 182.314270 137.092896
 436      "y-ow+aa"    0  334.415588 113.435959 137.092896
 437      "y-ow+ah"    0  334.415588 182.314270 137.092896
 438      "y-ow+ao"    0  334.415588 113.435959 137.092896
 439      "y-ow+ch"    0  334.415588 182.314270 137.092896
 440      "y-ow+ey"    0  334.415588 182.314270 137.092896
 441      "y-ow+hh"    0  334.415588 182.314270 137.092896
 442      "y-ow+ih"    0  334.415588 182.314270 137.092896
 443      "y-ow+iy"    0  334.415588 182.314270 137.092896
 444      "y-ow+jh"    0  334.415588 182.314270 137.092896
 445      "y-ow+ng"    0  334.415588 182.314270 137.092896
 446      "y-ow+sh"    0  334.415588 113.435959 137.092896
 447      "y-ow+zh"    0  334.415588 182.314270 137.092896
 448       "z-ow+b"    0  334.415588 182.314270 137.092896
 449       "z-ow+d"    0  334.415588 113.435959 137.092896
 450       "z-ow+f"    0  334.415588 182.314270 137.092896
 451       "z-ow+g"    0  334.415588 182.314270 137.092896
 452       "z-ow+k"    0  334.415588 182.314270 137.092896
 453       "z-ow+l"    0  334.415588 113.435959 137.092896
 454       "z-ow+m"    0  334.415588 182.314270 137.092896
 455       "z-ow+n"    0  334.415588 113.435959 137.092896
 456       "z-ow+p"    0  334.415588 182.314270 137.092896
 457       "z-ow+r"    0  334.415588 113.435959 137.092896
 458       "z-ow+s"    0  334.415588 113.435959 137.092896
 459       "z-ow+t"    0  334.415588 113.435959 137.092896
 460       "z-ow+v"    0  334.415588 182.314270 137.092896
 461       "z-ow+y"    0  334.415588 182.314270 137.092896
 462       "z-ow+z"    0  334.415588 113.435959 137.092896
 463      "ng-ow+l"    0  334.415588 113.435959 137.092896
 464      "ng-ow+v"    0  334.415588 182.314270 137.092896
 465        "uw-ow"    0  334.415588 182.314270 137.092896
 466     "ch-ow+aa"    0  334.415588 113.435959 137.092896
 467     "ch-ow+ah"    0  334.415588 182.314270 137.092896
 468     "ch-ow+ch"    0  334.415588 182.314270 137.092896
 469     "ch-ow+ih"    0  334.415588 182.314270 137.092896
 470     "ch-ow+sh"    0  334.415588 113.435959 137.092896
 471     "sh-ow+ah"    0  334.415588 182.314270 137.092896
 472     "sh-ow+er"    0  334.415588 113.435959 137.092896
 473     "sh-ow+hh"    0  334.415588 182.314270 137.092896
 474     "sh-ow+ih"    0  334.415588 182.314270 137.092896
 475     "sh-ow+iy"    0  334.415588 182.314270 137.092896
 476     "sh-ow+jh"    0  334.415588 182.314270 137.092896
 477     "sh-ow+sh"    0  334.415588 113.435959 137.092896
 478         "y-ow"    0  334.415588 182.314270 137.092896
 479      "eh-ow+l"    0  334.415588 113.435959 137.092896
 480      "eh-ow+n"    0  334.415588 113.435959 137.092896
 481      "eh-ow+v"    0  334.415588 182.314270 137.092896
 482      "iy-ow+b"    0  334.415588 182.314270 137.092896
 483      "iy-ow+d"    0  334.415588 113.435959 137.092896
 484      "iy-ow+f"    0  334.415588 182.314270 137.092896
 485      "iy-ow+g"    0  334.415588 182.314270 137.092896
 486      "iy-ow+k"    0  334.415588 182.314270 137.092896
 487      "iy-ow+l"    0  334.415588 113.435959 137.092896
 488      "iy-ow+m"    0  334.415588 182.314270 137.092896
 489      "iy-ow+n"    0  334.415588 113.435959 137.092896
 490      "iy-ow+p"    0  334.415588 182.314270 137.092896
 491      "iy-ow+r"    0  334.415588 113.435959 137.092896
 492      "iy-ow+s"    0  334.415588 113.435959 137.092896
 493      "iy-ow+t"    0  334.415588 113.435959 137.092896
 494      "iy-ow+v"    0  334.415588 182.314270 137.092896
 495      "iy-ow+w"    0  334.415588 182.314270 137.092896
 496      "iy-ow+y"    0  334.415588 182.314270 137.092896
 497      "iy-ow+z"    0  334.415588 113.435959 137.092896
 498      "g-ow+ae"    0  334.415588 182.314270 137.092896
 499      "g-ow+ah"    0  334.415588 182.314270 137.092896
 500      "g-ow+ch"    0  334.415588 182.314270 137.092896
 501      "g-ow+dh"    0  334.415588 113.435959 137.092896
 502      "g-ow+eh"    0  334.415588 113.435959 137.092896
 503      "g-ow+er"    0  334.415588 113.435959 137.092896
 504      "g-ow+ey"    0  334.415588 182.314270 137.092896
 505      "g-ow+hh"    0  334.415588 182.314270 137.092896
 506      "g-ow+ih"    0  334.415588 182.314270 137.092896
 507      "g-ow+iy"    0  334.415588 182.314270 137.092896
 508      "g-ow+jh"    0  334.415588 182.314270 137.092896
 509      "g-ow+ng"    0  334.415588 182.314270 137.092896
 510      "g-ow+sh"    0  334.415588 113.435959 137.092896
 511      "g-ow+th"    0  334.415588 113.435959 137.092896
 512      "g-ow+zh"    0  334.415588 182.314270 137.092896
 513        "oy-ow"    0  334.415588 182.314270 137.092896
 514     "hh-ow+ae"    0  334.415588 182.314270 137.092896
 515     "hh-ow+ah"    0  334.415588 182.314270 137.092896
 516     "hh-ow+ay"    0  334.415588 182.314270 137.092896
 517     "hh-ow+er"    0  334.415588 113.435959 137.092896
 518     "hh-ow+hh"    0  334.415588 182.314270 137.092896
 519     "hh-ow+ih"    0  334.415588 182.314270 137.092896
 520     "hh-ow+iy"    0  334.415588 182.314270 137.092896
 521     "hh-ow+jh"    0  334.415588 182.314270 137.092896
 522     "th-ow+ah"    0  334.415588 182.314270 137.092896
 523     "th-ow+ao"    0  334.415588 113.435959 137.092896
 524     "hh-ow+ng"    0  334.415588 182.314270 137.092896
 525     "th-ow+er"    0  334.415588 113.435959 137.092896
 526     "hh-ow+sh"    0  334.415588 113.435959 137.092896
 527     "hh-ow+th"    0  334.415588 113.435959 137.092896
 528     "hh-ow+zh"    0  334.415588 182.314270 137.092896
 529     "er-ow+ah"    0  334.415588 182.314270 137.092896
 530     "er-ow+ch"    0  334.415588 182.314270 137.092896
 531     "er-ow+er"    0  334.415588 113.435959 137.092896
 532     "er-ow+hh"    0  334.415588 182.314270 137.092896
 533     "er-ow+ih"    0  334.415588 182.314270 137.092896
 534     "er-ow+iy"    0  334.415588 182.314270 137.092896
 535     "er-ow+jh"    0  334.415588 182.314270 137.092896
 536     "er-ow+ng"    0  334.415588 182.314270 137.092896
 537     "er-ow+sh"    0  334.415588 113.435959 137.092896
 538     "er-ow+th"    0  334.415588 113.435959 137.092896
 539     "er-ow+uw"    0  334.415588 182.314270 137.092896
 540     "er-ow+zh"    0  334.415588 182.314270 137.092896
 541        "aw-ow"    0  334.415588 182.314270 137.092896
 542      "ow-ow+l"    0  334.415588 113.435959 137.092896
 543         "ow+b"    0  334.415588 182.314270 137.092896
 544         "ow+d"    0  334.415588 113.435959 137.092896
 545         "ow+f"    0  334.415588 182.314270 137.092896
 546         "ow+g"    0  334.415588 182.314270 137.092896
 547         "ow+k"    0  334.415588 182.314270 137.092896
 548         "ow+l"    0  334.415588 113.435959 137.092896
 549         "ow+m"    0  334.415588 182.314270 137.092896
 550         "ow+n"    0  334.415588 113.435959 137.092896
 551         "ow+p"    0  334.415588 182.314270 137.092896
 552         "ow+r"    0  334.415588 113.435959 137.092896
 553         "ow+s"    0  334.415588 113.435959 137.092896
 554         "ow+t"    0  334.415588 113.435959 137.092896
 555         "ow+v"    0  334.415588 182.314270 137.092896
 556         "ow+w"    0  334.415588 182.314270 137.092896
 557         "ow+y"    0  334.415588 182.314270 137.092896
 558         "ow+z"    0  334.415588 113.435959 137.092896
 559      "dh-ow+m"    0  334.415588 182.314270 137.092896
 560      "dh-ow+n"    0  334.415588 113.435959 137.092896
 561      "dh-ow+t"    0  334.415588 113.435959 137.092896
 562      "dh-ow+z"    0  334.415588 113.435959 137.092896
 563        "ey-ow"    0  334.415588 182.314270 137.092896
 564      "f-ow+ae"    0  334.415588 182.314270 137.092896
 565      "f-ow+ah"    0  334.415588 182.314270 137.092896
 566      "f-ow+ay"    0  334.415588 182.314270 137.092896
 567      "f-ow+er"    0  334.415588 113.435959 137.092896
 568      "f-ow+jh"    0  334.415588 182.314270 137.092896
 569      "f-ow+sh"    0  334.415588 113.435959 137.092896
 570      "f-ow+th"    0  334.415588 113.435959 137.092896
 571      "f-ow+zh"    0  334.415588 182.314270 137.092896
 572      "oy-ow+k"    0  334.415588 182.314270 137.092896
 573      "oy-ow+l"    0  334.415588 113.435959 137.092896
 574      "oy-ow+n"    0  334.415588 113.435959 137.092896
 575      "oy-ow+t"    0  334.415588 113.435959 137.092896
 576      "oy-ow+z"    0  334.415588 113.435959 137.092896
 577      "m-ow+aa"    0  334.415588 113.435959 137.092896
 578      "m-ow+ae"    0  334.415588 182.314270 137.092896
 579      "m-ow+ah"    0  334.415588 182.314270 137.092896
 580      "m-ow+ch"    0  334.415588 182.314270 137.092896
 581      "m-ow+dh"    0  334.415588 113.435959 137.092896
 582      "m-ow+eh"    0  334.415588 113.435959 137.092896
 583      "m-ow+er"    0  334.415588 113.435959 137.092896
 584      "m-ow+ey"    0  334.415588 182.314270 137.092896
 585      "m-ow+hh"    0  334.415588 182.314270 137.092896
 586      "m-ow+ih"    0  334.415588 182.314270 137.092896
 587      "m-ow+iy"    0  334.415588 182.314270 137.092896
 588      "m-ow+jh"    0  334.415588 182.314270 137.092896
 589         "z-ow"    0  334.415588 182.314270 137.092896
 590      "m-ow+ng"    0  334.415588 182.314270 137.092896
 591      "m-ow+sh"    0  334.415588 113.435959 137.092896
 592      "m-ow+th"    0  334.415588 113.435959 137.092896
 593      "m-ow+zh"    0  334.415588 182.314270 137.092896
 594     "jh-ow+ae"    0  334.415588 182.314270 137.092896
 595     "jh-ow+ah"    0  334.415588 182.314270 137.092896
 596     "jh-ow+eh"    0  334.415588 113.435959 137.092896
 597     "jh-ow+er"    0  334.415588 113.435959 137.092896
 598     "jh-ow+hh"    0  334.415588 182.314270 137.092896
 599     "jh-ow+iy"    0  334.415588 182.314270 137.092896
 600     "jh-ow+jh"    0  334.415588 182.314270 137.092896
 601     "jh-ow+ng"    0  334.415588 182.314270 137.092896
 602     "jh-ow+ow"    0  334.415588 182.314270 137.092896
 603     "jh-ow+sh"    0  334.415588 113.435959 137.092896
 604      "aa-ow+k"    0  334.415588 182.314270 137.092896
 605      "aa-ow+l"    0  334.415588 113.435959 137.092896
 606      "aa-ow+m"    0  334.415588 182.314270 137.092896
 607      "aa-ow+n"    0  334.415588 113.435959 137.092896
 608      "aa-ow+s"    0  334.415588 113.435959 137.092896
 609      "aa-ow+t"    0  334.415588 113.435959 137.092896
 610      "aa-ow+w"    0  334.415588 182.314270 137.092896
 611      "aa-ow+z"    0  334.415588 113.435959 137.092896
 612      "er-ow+b"    0  334.415588 182.314270 137.092896
 613      "er-ow+d"    0  334.415588 113.435959 137.092896
 614      "er-ow+f"    0  334.415588 182.314270 137.092896
 615      "er-ow+g"    0  334.415588 182.314270 137.092896
 616      "er-ow+k"    0  334.415588 182.314270 137.092896
 617      "er-ow+l"    0  334.415588 113.435959 137.092896
 618      "er-ow+m"    0  334.415588 182.314270 137.092896
 619      "er-ow+n"    0  334.415588 113.435959 137.092896
 620      "er-ow+p"    0  334.415588 182.314270 137.092896
 621      "er-ow+s"    0  334.415588 113.435959 137.092896
 622      "er-ow+t"    0  334.415588 113.435959 137.092896
 623      "er-ow+v"    0  334.415588 182.314270 137.092896
 624      "er-ow+w"    0  334.415588 182.314270 137.092896
 625      "er-ow+y"    0  334.415588 182.314270 137.092896
 626      "er-ow+z"    0  334.415588 113.435959 137.092896
 627        "hh-ow"    0  334.415588 182.314270 137.092896
 628     "zh-ow+eh"    0  334.415588 113.435959 137.092896
 629     "ow-ow+sh"    0  334.415588 113.435959 137.092896
 630        "uh-ow"    0  334.415588 182.314270 137.092896
 631      "ch-ow+b"    0  334.415588 182.314270 137.092896
 632      "ch-ow+d"    0  334.415588 113.435959 137.092896
 633      "ch-ow+g"    0  334.415588 182.314270 137.092896
 634      "ch-ow+k"    0  334.415588 182.314270 137.092896
 635      "ch-ow+l"    0  334.415588 113.435959 137.092896
 636      "ch-ow+m"    0  334.415588 182.314270 137.092896
 637      "ch-ow+n"    0  334.415588 113.435959 137.092896
 638      "ch-ow+p"    0  334.415588 182.314270 137.092896
 639      "ch-ow+s"    0  334.415588 113.435959 137.092896
 640      "ch-ow+t"    0  334.415588 113.435959 137.092896
 641      "ch-ow+v"    0  334.415588 182.314270 137.092896
 642      "ch-ow+z"    0  334.415588 113.435959 137.092896
 643      "uw-ow+d"    0  334.415588 113.435959 137.092896
 644      "uw-ow+g"    0  334.415588 182.314270 137.092896
 645      "uw-ow+k"    0  334.415588 182.314270 137.092896
 646      "uw-ow+l"    0  334.415588 113.435959 137.092896
 647      "uw-ow+m"    0  334.415588 182.314270 137.092896
 648      "uw-ow+n"    0  334.415588 113.435959 137.092896
 649      "uw-ow+p"    0  334.415588 182.314270 137.092896
 650      "uw-ow+s"    0  334.415588 113.435959 137.092896
 651      "uw-ow+t"    0  334.415588 113.435959 137.092896
 652      "uw-ow+z"    0  334.415588 113.435959 137.092896
 653      "jh-ow+b"    0  334.415588 182.314270 137.092896
 654      "jh-ow+d"    0  334.415588 113.435959 137.092896
 655      "jh-ow+f"    0  334.415588 182.314270 137.092896
 656      "jh-ow+g"    0  334.415588 182.314270 137.092896
 657      "jh-ow+k"    0  334.415588 182.314270 137.092896
 658      "jh-ow+l"    0  334.415588 113.435959 137.092896
 659      "jh-ow+m"    0  334.415588 182.314270 137.092896
 660      "jh-ow+n"    0  334.415588 113.435959 137.092896
 661      "jh-ow+p"    0  334.415588 182.314270 137.092896
 662      "jh-ow+s"    0  334.415588 113.435959 137.092896
 663      "jh-ow+t"    0  334.415588 113.435959 137.092896
 664      "jh-ow+v"    0  334.415588 182.314270 137.092896
 665      "jh-ow+y"    0  334.415588 182.314270 137.092896
 666      "jh-ow+z"    0  334.415588 113.435959 137.092896
 667       "g-ow+b"    0  334.415588 182.314270 137.092896
 668       "g-ow+d"    0  334.415588 113.435959 137.092896
 669       "g-ow+f"    0  334.415588 182.314270 137.092896
 670       "g-ow+g"    0  334.415588 182.314270 137.092896
 671       "g-ow+k"    0  334.415588 182.314270 137.092896
 672       "g-ow+l"    0  334.415588 113.435959 137.092896
 673       "g-ow+m"    0  334.415588 182.314270 137.092896
 674       "g-ow+n"    0  334.415588 113.435959 137.092896
 675       "g-ow+p"    0  334.415588 182.314270 137.092896
 676       "g-ow+r"    0  334.415588 113.435959 137.092896
 677       "g-ow+s"    0  334.415588 113.435959 137.092896
 678       "g-ow+t"    0  334.415588 113.435959 137.092896
 679       "g-ow+v"    0  334.415588 182.314270 137.092896
 680       "g-ow+w"    0  334.415588 182.314270 137.092896
 681       "g-ow+y"    0  334.415588 182.314270 137.092896
 682       "g-ow+z"    0  334.415588 113.435959 137.092896
 683      "l-ow+aa"    0  334.415588 113.435959 137.092896
 684      "l-ow+ae"    0  334.415588 182.314270 137.092896
 685      "l-ow+ah"    0  334.415588 182.314270 137.092896
 686      "l-ow+aw"    0  334.415588 182.314270 137.092896
 687      "l-ow+ay"    0  334.415588 182.314270 137.092896
 688      "l-ow+ch"    0  334.415588 182.314270 137.092896
 689      "l-ow+dh"    0  334.415588 113.435959 137.092896
 690      "l-ow+eh"    0  334.415588 113.435959 137.092896
 691      "l-ow+ey"    0  334.415588 182.314270 137.092896
 692      "l-ow+hh"    0  334.415588 182.314270 137.092896
 693      "l-ow+ih"    0  334.415588 182.314270 137.092896
 694      "l-ow+iy"    0  334.415588 182.314270 137.092896
 695      "l-ow+jh"    0  334.415588 182.314270 137.092896
 696      "l-ow+ng"    0  334.415588 182.314270 137.092896
 697      "l-ow+sh"    0  334.415588 113.435959 137.092896
 698      "l-ow+th"    0  334.415588 113.435959 137.092896
 699      "l-ow+zh"    0  334.415588 182.314270 137.092896
 700       "k-ow+b"    0  334.415588 182.314270 137.092896
 701       "k-ow+d"    0  334.415588 113.435959 137.092896
 702       "k-ow+f"    0  334.415588 182.314270 137.092896
 703       "k-ow+g"    0  334.415588 182.314270 137.092896
 704       "k-ow+k"    0  334.415588 182.314270 137.092896
 705       "k-ow+l"    0  334.415588 113.435959 137.092896
 706       "k-ow+m"    0  334.415588 182.314270 137.092896
 707       "k-ow+n"    0  334.415588 113.435959 137.092896
 708       "k-ow+p"    0  334.415588 182.314270 137.092896
 709       "k-ow+r"    0  334.415588 113.435959 137.092896
 710       "k-ow+s"    0  334.415588 113.435959 137.092896
 711       "k-ow+t"    0  334.415588 113.435959 137.092896
 712       "k-ow+v"    0  334.415588 182.314270 137.092896
 713       "k-ow+w"    0  334.415588 182.314270 137.092896
 714       "k-ow+y"    0  334.415588 182.314270 137.092896
 715       "k-ow+z"    0  334.415588 113.435959 137.092896
 716     "aa-ow+ah"    0  334.415588 182.314270 137.092896
 717     "aa-ow+eh"    0  334.415588 113.435959 137.092896
 718     "aa-ow+sh"    0  334.415588 113.435959 137.092896
 719        "er-ow"    0  334.415588 182.314270 137.092896
 720     "uw-ow+aa"    0  334.415588 113.435959 137.092896
 721     "uw-ow+ng"    0  334.415588 182.314270 137.092896
 722       "m-ow+b"    0  334.415588 182.314270 137.092896
 723       "m-ow+d"    0  334.415588 113.435959 137.092896
 724       "m-ow+f"    0  334.415588 182.314270 137.092896
 725       "m-ow+g"    0  334.415588 182.314270 137.092896
 726       "m-ow+k"    0  334.415588 182.314270 137.092896
 727       "m-ow+l"    0  334.415588 113.435959 137.092896
 728       "m-ow+m"    0  334.415588 182.314270 137.092896
 729       "m-ow+n"    0  334.415588 113.435959 137.092896
 730       "m-ow+p"    0  334.415588 182.314270 137.092896
 731       "m-ow+s"    0  334.415588 113.435959 137.092896
 732       "m-ow+t"    0  334.415588 113.435959 137.092896
 733       "m-ow+v"    0  334.415588 182.314270 137.092896
 734       "m-ow+y"    0  334.415588 182.314270 137.092896
 735       "m-ow+z"    0  334.415588 113.435959 137.092896
 736     "ay-ow+aa"    0  334.415588 113.435959 137.092896
 737     "ay-ow+ah"    0  334.415588 182.314270 137.092896
 738     "ay-ow+ao"    0  334.415588 113.435959 137.092896
 739     "ay-ow+eh"    0  334.415588 113.435959 137.092896
 740      "ih-ow+m"    0  334.415588 182.314270 137.092896
 741     "ay-ow+hh"    0  334.415588 182.314270 137.092896
 742     "ay-ow+jh"    0  334.415588 182.314270 137.092896
 743     "ay-ow+sh"    0  334.415588 113.435959 137.092896
 744     "ay-ow+th"    0  334.415588 113.435959 137.092896
 745         "s-ow"    0  334.415588 182.314270 137.092896
 746      "k-ow+aa"    0  334.415588 113.435959 137.092896
 747      "k-ow+ae"    0  334.415588 182.314270 137.092896
 748      "k-ow+ah"    0  334.415588 182.314270 137.092896
 749      "k-ow+ao"    0  334.415588 113.435959 137.092896
 750      "k-ow+aw"    0  334.415588 182.314270 137.092896
 751      "k-ow+ch"    0  334.415588 182.314270 137.092896
 752      "k-ow+dh"    0  334.415588 113.435959 137.092896
 753      "k-ow+eh"    0  334.415588 113.435959 137.092896
 754      "k-ow+er"    0  334.415588 113.435959 137.092896
 755      "k-ow+ey"    0  334.415588 182.314270 137.092896
 756      "k-ow+hh"    0  334.415588 182.314270 137.092896
 757      "k-ow+ih"    0  334.415588 182.314270 137.092896
 758      "k-ow+iy"    0  334.415588 182.314270 137.092896
 759      "k-ow+jh"    0  334.415588 182.314270 137.092896
 760      "k-ow+sh"    0  334.415588 113.435959 137.092896
 761      "k-ow+th"    0  334.415588 113.435959 137.092896
 762      "k-ow+uh"    0  334.415588 182.314270 137.092896
 763        "ah-ow"    0  334.415588 182.314270 137.092896
 764      "k-ow+zh"    0  334.415588 182.314270 137.092896
 765      "r-ow+aa"    0  334.415588 113.435959 137.092896
 766      "r-ow+ae"    0  334.415588 182.314270 137.092896
 767      "r-ow+ah"    0  334.415588 182.314270 137.092896
 768      "r-ow+ao"    0  334.415588 113.435959 137.092896
 769      "r-ow+ay"    0  334.415588 182.314270 137.092896
 770      "r-ow+ch"    0  334.415588 182.314270 137.092896
 771      "r-ow+dh"    0  334.415588 113.435959 137.092896
 772      "r-ow+eh"    0  334.415588 113.435959 137.092896
 773      "r-ow+er"    0  334.415588 113.435959 137.092896
 774      "r-ow+ey"    0  334.415588 182.314270 137.092896
 775      "r-ow+hh"    0  334.415588 182.314270 137.092896
 776      "r-ow+ih"    0  334.415588 182.314270 137.092896
 777      "r-ow+iy"    0  334.415588 182.314270 137.092896
 778      "r-ow+jh"    0  334.415588 182.314270 137.092896
 779      "r-ow+ng"    0  334.415588 182.314270 137.092896
 780      "r-ow+sh"    0  334.415588 113.435959 137.092896
 781      "r-ow+th"    0  334.415588 113.435959 137.092896
 782      "r-ow+zh"    0  334.415588 182.314270 137.092896
 783        "ay-ow"    0  334.415588 182.314270 137.092896
 784         "k-ow"    0  334.415588 182.314270 137.092896
 785       "s-ow+b"    0  334.415588 182.314270 137.092896
 786       "s-ow+d"    0  334.415588 113.435959 137.092896
 787       "s-ow+f"    0  334.415588 182.314270 137.092896
 788       "s-ow+g"    0  334.415588 182.314270 137.092896
 789       "s-ow+k"    0  334.415588 182.314270 137.092896
 790       "s-ow+l"    0  334.415588 113.435959 137.092896
 791       "s-ow+m"    0  334.415588 182.314270 137.092896
 792       "s-ow+n"    0  334.415588 113.435959 137.092896
 793       "s-ow+p"    0  334.415588 182.314270 137.092896
 794       "s-ow+s"    0  334.415588 113.435959 137.092896
 795       "s-ow+t"    0  334.415588 113.435959 137.092896
 796       "s-ow+v"    0  334.415588 182.314270 137.092896
 797       "s-ow+z"    0  334.415588 113.435959 137.092896
 798      "hh-ow+b"    0  334.415588 182.314270 137.092896
 799      "hh-ow+d"    0  334.415588 113.435959 137.092896
 800      "hh-ow+f"    0  334.415588 182.314270 137.092896
 801      "hh-ow+g"    0  334.415588 182.314270 137.092896
 802      "hh-ow+k"    0  334.415588 182.314270 137.092896
 803      "hh-ow+l"    0  334.415588 113.435959 137.092896
 804      "hh-ow+n"    0  334.415588 113.435959 137.092896
 805      "hh-ow+p"    0  334.415588 182.314270 137.092896
 806      "hh-ow+s"    0  334.415588 113.435959 137.092896
 807      "hh-ow+t"    0  334.415588 113.435959 137.092896
 808      "hh-ow+v"    0  334.415588 182.314270 137.092896
 809      "hh-ow+y"    0  334.415588 182.314270 137.092896
 810      "hh-ow+z"    0  334.415588 113.435959 137.092896
