   1            "b"   32  173.464539  93.570404 135.865891
   2            "d"   30  119.578110  63.055199  62.774799
   3            "f"   17  194.125031 172.846100 118.870293
   4            "g"    8   14.985513  48.291546  44.996170
   5            "k"   41  177.247452 131.253052 176.550583
   6            "l"   58  420.680664 181.797562 208.532654
   7            "m"   14   91.827713  33.210274  58.148846
   8            "n"   58  512.961792 371.538361 853.817444
   9            "p"   12   80.059265  30.353384  23.941244
  10            "r"   33  205.269012 123.584869 122.285027
  11            "s"   32  118.556503 325.923279 177.353851
  12            "t"   45  187.026489 173.842438 377.306732
  13            "v"   21   83.296982 100.048935 190.235794
  14            "w"    8   52.349209  36.286354  36.112278
  15            "y"   13  108.681496 146.759918  97.451637
  16            "z"   11  105.818237  80.051682  44.891304
  17       "d-eh+p"   31  132.055908 201.679489 101.281075
  18         "t-uw"   11  156.541443  71.020844 188.078156
  19           "aa"    8   53.452271  22.261078  16.664709
  20           "ae"   17   53.486229 145.287888  67.012733
  21           "ah"   91  267.920959 195.782715 184.088806
  22           "ao"   14   46.262691 145.795990 130.172440
  23           "aw"    4   22.751581  16.106216  40.737160
  24           "ay"   19   85.529076  76.692184 122.660088
  25           "ch"    5   17.115026  23.185646  39.835773
  26           "dh"    4   35.298939  25.418127 115.537148
  27           "er"   15  141.156937  75.814438  36.077827
  28           "ey"   24  108.485115 238.151993 104.050224
  29           "hh"   11   15.445028  17.998919 163.938293
  30           "ih"   27  180.152298 107.612328 286.689087
  31           "iy"   19  136.237305 107.663544  79.215782
  32           "jh"    3   12.195527  26.109951  31.418671
  33           "ng"   12   91.771355  45.084915 242.114059
  34           "ow"    5  224.940613 160.872070 253.110367
  35           "oy"    4   70.745651  14.009756  17.300798
  36           "sh"    7   71.124496  15.234854  35.544724
  37           "sp"  181  1734.150635
  38           "th"   11   41.781708  61.009964  41.838573
  39           "uh"    5   32.566463  15.084179  19.003250
  40           "zh"    9   90.559021 108.293007 119.444534
  41         "l-ow"   10  224.940613 160.872070 253.110367
  42       "f-ow+n"    6  224.940613 107.974396 253.110367
  43          "sil"   62  1583.201172 1734.150635 404.875458
  44         "ey-n"    5  512.961792 371.538361 116.388535
  45       "n-ay+n"    5   85.529076  76.692184 152.469849
  46       "t-iy+v"    6  132.019547 107.663544  79.215782
