   1            "b"   32  173.464935  93.571442 135.866241
   2            "d"   30  119.578056  63.055359  62.775074
   3            "f"   17  194.142853 172.827179 118.869797
   4            "g"    8   14.985538  48.290848  44.996159
   5            "k"   41  177.246353 131.253067 176.554474
   6            "l"   58  420.680664 181.798431 208.532883
   7            "m"   14   91.827660  33.211277  58.147877
   8            "n"   58  512.961609 371.540588 853.811646
   9            "p"   12   80.059082  30.353489  23.941151
  10            "r"   33  205.269363 123.585968 122.288048
  11            "s"   32  118.556282 325.929962 177.347198
  12            "t"   45  187.026810 173.842300 377.304138
  13            "v"   21   83.296501 100.049561 190.234436
  14            "w"    8   52.348850  36.284130  36.114342
  15            "y"   13  108.681252 146.759811  97.452133
  16            "z"   11  105.817078  80.051773  44.891987
  17       "d-eh+p"   31  132.055786 201.679657 101.280273
  18         "t-uw"   11  156.538345  71.020882 188.077393
  19           "aa"    8   53.452297  22.261045  16.664713
  20           "ae"   17   53.485741 145.287903  67.012756
  21           "ah"   91  267.924255 195.782639 184.087906
  22           "ao"   14   46.262848 145.796005 130.172546
  23           "aw"    4   22.751442  16.106384  40.737083
  24           "ay"   19   85.529335  76.691628 122.660805
  25           "ch"    5   17.114956  23.185291  39.836193
  26           "dh"    4   35.298878  25.418171 115.537071
  27           "er"   15  141.156815  75.814713  36.077358
  28           "ey"   24  108.484413 238.151932 104.050308
  29           "hh"   11   15.445328  17.998671 163.937988
  30           "ih"   27  180.151138 107.605156 286.680603
  31           "iy"   19  136.237686 107.664452  79.214279
  32           "jh"    3   12.195551  26.109962  31.418619
  33           "ng"   12   91.770844  45.084854 242.109695
  34           "ow"    5  224.940445 160.871231 253.110016
  35           "oy"    4   70.745338  14.009755  17.300840
  36           "sh"    7   71.124535  15.234842  35.544697
  37           "sp"  181  1734.166626
  38           "th"   11   41.781776  61.009514  41.837551
  39           "uh"    5   32.566319  15.084081  19.003248
  40           "zh"    9   90.558746 108.293129 119.444366
  41         "l-ow"   10  224.940445 160.871231 253.110016
  42       "f-ow+n"    6  224.940445 107.974251 253.110016
  43          "sil"   62  1583.209229 1734.166626 404.876038
  44         "ey-n"    5  512.961609 371.540588 116.388527
  45       "n-ay+n"    5   85.529335  76.691628 152.469955
  46       "t-iy+v"    6  132.020325 107.664452  79.214279
